0 0.7575572916666666 0.8204259259259259 0.08875000000000001 0.1385648148148148
28 0.8004427083333333 0.2649166666666667 0.07541666666666667 0.1505
8 0.5543697916666667 0.12009259259259258 0.07530208333333334 0.17508333333333334
9 0.397875 0.2962314814814815 0.0868125 0.1537962962962963
10 0.3037395833333333 0.3998425925925926 0.08455729166666666 0.16355555555555554
1 0.7398385416666666 0.5369444444444444 0.091890625 0.16080555555555553
2 0.25061458333333336 0.13742592592592592 0.086828125 0.16018518518518518
3 0.861046875 0.848925925925926 0.09273437500000001 0.13092592592592592
26 0.3453125 0.11987037037037038 0.08094791666666666 0.1686388888888889
25 0.20747395833333335 0.3690185185185185 0.08686979166666667 0.1503796296296296
21 0.4075729166666667 0.4786111111111111 0.08053125 0.1546574074074074
23 0.521375 0.5531481481481482 0.08022916666666666 0.15062037037037035
33 0.40916145833333334 0.8704259259259258 0.07419791666666667 0.1670185185185185
11 0.32684375 0.7539722222222222 0.08488020833333333 0.1423611111111111
16 0.6444270833333333 0.15462962962962962 0.08836458333333333 0.1600925925925926
18 0.5191041666666666 0.8512962962962963 0.091125 0.1439074074074074
24 0.6873333333333334 0.7155462962962963 0.08512499999999999 0.16089814814814815
14 0.9331354166666667 0.661537037037037 0.07820833333333334 0.16199074074074074
32 0.15929166666666666 0.5030185185185185 0.08203125 0.1166574074074074
13 0.4692447916666667 0.7074074074074074 0.078328125 0.15354629629629632
20 0.2235625 0.8434074074074074 0.07690104166666667 0.1662962962962963
5 0.7037708333333333 0.2574166666666667 0.08820833333333335 0.15967592592592592
29 0.460265625 0.15283333333333335 0.07948437500000001 0.1315277777777778
30 0.16319270833333333 0.6807314814814815 0.089703125 0.1602222222222222
22 0.6341614583333333 0.362 0.06902083333333334 0.1732037037037037
17 0.542453125 0.3383055555555556 0.07819791666666666 0.16869444444444445
27 0.28511458333333334 0.6121296296296297 0.08491666666666667 0.15241666666666667
19 0.581671875 0.68975 0.089234375 0.1582222222222222
6 0.937734375 0.42915740740740743 0.067609375 0.14697222222222223
15 0.8401041666666667 0.5054166666666667 0.089125 0.15468518518518518
31 0.780953125 0.4097314814814815 0.08668229166666667 0.14608333333333334
12 0.8172083333333333 0.6720925925925926 0.08820833333333335 0.15275925925925926
7 0.7683229166666667 0.11511111111111111 0.09413541666666667 0.1402037037037037
4 0.384046875 0.6165555555555555 0.08891666666666667 0.15808333333333333
34 0.17275520833333333 0.23726851851851852 0.09701041666666667 0.12780555555555556