0 0.6895208333333334 0.8759259259259259 0.09130208333333334 0.15309259259259259
28 0.794546875 0.27462037037037035 0.08016145833333334 0.15741666666666665
8 0.905328125 0.26794444444444443 0.088734375 0.16349074074074074
9 0.41885937500000003 0.2701203703703704 0.08827083333333333 0.16018518518518518
10 0.32942187500000003 0.36410185185185184 0.086296875 0.15641666666666668
1 0.7137395833333334 0.5597870370370371 0.08209375000000001 0.16103703703703703
2 0.29971875000000003 0.13274074074074074 0.07571875 0.17644444444444446
3 0.8752031250000001 0.8508425925925925 0.08756770833333333 0.15410185185185185
25 0.19070833333333334 0.33355555555555555 0.08229166666666667 0.1319722222222222
26 0.3884166666666667 0.1256851851851852 0.08922916666666666 0.16218518518518518
21 0.42653645833333337 0.48802777777777784 0.07655208333333333 0.1545925925925926
23 0.5209791666666667 0.5537407407407408 0.07027083333333332 0.14070370370370372
11 0.31014583333333334 0.7473148148148149 0.08646354166666666 0.1529259259259259
33 0.37440104166666666 0.8344074074074074 0.093078125 0.13633333333333333
16 0.6800729166666667 0.15637962962962962 0.093375 0.1429351851851852
18 0.46636979166666664 0.880175925925926 0.07217708333333334 0.1700462962962963
24 0.7166145833333334 0.7239351851851852 0.073515625 0.17099074074074072
14 0.9329114583333333 0.6628055555555556 0.08775 0.15606481481481482
32 0.20604687500000002 0.4728148148148148 0.08495833333333333 0.1300925925925926
13 0.5115989583333334 0.7122037037037037 0.07682291666666667 0.15421296296296297
20 0.22568229166666667 0.8282592592592593 0.08799479166666666 0.15628703703703703
5 0.5867708333333332 0.15437037037037038 0.09136979166666667 0.14713888888888887
29 0.48555208333333333 0.14529629629629628 0.08930208333333334 0.16105555555555556
30 0.17188020833333334 0.6591759259259259 0.07499479166666667 0.17025
22 0.6757395833333334 0.3340740740740741 0.08936458333333334 0.1602037037037037
17 0.5552447916666666 0.35459259259259257 0.08702604166666666 0.15537962962962965
27 0.319265625 0.5628981481481481 0.07364062499999999 0.14420370370370372
19 0.5878333333333334 0.73425 0.07976041666666665 0.1631388888888889
6 0.9501458333333334 0.45041666666666663 0.08703645833333334 0.1565925925925926
15 0.8782604166666667 0.508 0.07175520833333333 0.17285185185185187
31 0.771234375 0.43094444444444446 0.08645833333333333 0.15378703703703703
34 0.20790104166666667 0.16992592592592592 0.09782291666666666 0.12447222222222223
4 0.40749479166666663 0.6568703703703703 0.08844270833333333 0.15827777777777777
7 0.7826406250000001 0.08437962962962962 0.07898437500000001 0.16469444444444445
12 0.8001770833333333 0.682212962962963 0.09010937499999999 0.15833333333333333