28 0.6706614583333333 0.1297222222222222 0.0848125 0.1366851851851852
26 0.5162135416666667 0.1356851851851852 0.08886979166666667 0.16473148148148148
31 0.4073177083333333 0.11996296296296297 0.09038020833333334 0.1626574074074074
2 0.264828125 0.20575925925925925 0.08538020833333333 0.16266666666666668
13 0.19736979166666666 0.1274814814814815 0.07690104166666667 0.15619444444444444
15 0.9078333333333333 0.12992592592592592 0.08188020833333334 0.16275
7 0.8186718749999999 0.2306111111111111 0.08647916666666666 0.15439814814814815
29 0.6929166666666667 0.2989351851851852 0.08613541666666666 0.15162037037037038
16 0.595375 0.27037037037037037 0.08961458333333333 0.16082407407407406
17 0.5183229166666666 0.37449074074074074 0.09733333333333333 0.12137037037037038
22 0.6345624999999999 0.46172222222222226 0.0963125 0.1294537037037037
1 0.7529166666666666 0.4621574074074074 0.08128645833333333 0.16299074074074074
8 0.9538593750000001 0.4247592592592593 0.07077604166666666 0.1731574074074074
6 0.9351614583333333 0.601925925925926 0.07135416666666666 0.15153703703703703
0 0.8095312499999999 0.6638425925925926 0.084234375 0.1238888888888889
3 0.8458749999999999 0.8323518518518519 0.07838541666666667 0.16432407407407407
14 0.9451406250000001 0.8198888888888889 0.08853645833333333 0.16039814814814815
24 0.675203125 0.7758981481481482 0.09727083333333333 0.12533333333333335
12 0.7034583333333334 0.9163333333333333 0.09044270833333333 0.16075
19 0.5281197916666667 0.8026851851851852 0.08860416666666666 0.1515462962962963
23 0.5054947916666667 0.6539166666666667 0.071234375 0.14007407407407407
9 0.64496875 0.6039907407407407 0.09314583333333333 0.13628703703703704
33 0.39870833333333333 0.8856944444444445 0.07827083333333333 0.16658333333333333
34 0.29807291666666663 0.9107407407407407 0.09809895833333333 0.1223148148148148
30 0.208640625 0.7893425925925927 0.06659895833333333 0.17299074074074075
20 0.2685677083333333 0.6811481481481482 0.09473958333333334 0.1338425925925926
4 0.42540104166666665 0.6941759259259259 0.08885416666666666 0.1587962962962963
32 0.36263541666666665 0.5835925925925926 0.08448958333333333 0.15862037037037038
21 0.395109375 0.443 0.08119791666666668 0.11936111111111111
5 0.417296875 0.26960185185185187 0.086765625 0.15325
10 0.33403125 0.3649074074074074 0.07667708333333333 0.17090740740740742
18 0.21908854166666666 0.4566111111111111 0.08892708333333334 0.1587222222222222
27 0.29238020833333334 0.5249074074074074 0.085625 0.14100925925925925
11 0.14938541666666666 0.5938703703703704 0.08682291666666667 0.15313888888888888
25 0.1794791666666667 0.3353703703703704 0.07945833333333334 0.15239814814814814