0 0.8053229166666667 0.7883796296296297 0.08229687499999999 0.15580555555555556
25 0.9059062499999999 0.8501388888888889 0.08214583333333333 0.15062962962962964
8 0.8687708333333333 0.6205925925925926 0.08975 0.1535277777777778
15 0.936546875 0.5002037037037037 0.08865625 0.16156481481481483
28 0.9314635416666667 0.34586111111111106 0.08464583333333334 0.16149074074074074
19 0.9176927083333334 0.14677777777777778 0.07858854166666666 0.1692962962962963
6 0.8445989583333334 0.2498055555555556 0.07708854166666666 0.15796296296296294
26 0.7926249999999999 0.10822222222222222 0.09842708333333333 0.12607407407407406
5 0.76790625 0.3404814814814815 0.07359895833333334 0.17132407407407407
3 0.8394010416666667 0.45814814814814814 0.08515625 0.1594537037037037
24 0.7723125 0.637287037037037 0.08730729166666666 0.1590740740740741
16 0.7205989583333333 0.4969166666666666 0.096328125 0.1338425925925926
18 0.5087708333333334 0.8319166666666666 0.089296875 0.16110185185185186
17 0.6623385416666667 0.20085185185185184 0.09674479166666666 0.14275925925925925
1 0.5444427083333333 0.24095370370370373 0.07572916666666667 0.16733333333333333
4 0.45137499999999997 0.15407407407407409 0.08996875 0.1612037037037037
11 0.304765625 0.11623148148148148 0.086328125 0.15621296296296297
29 0.356265625 0.26793518518518517 0.08772395833333334 0.1541574074074074
14 0.226921875 0.21155555555555555 0.07636458333333333 0.16862962962962963
12 0.18459895833333334 0.39997222222222223 0.08027083333333333 0.1645462962962963
13 0.269765625 0.3757314814814815 0.0856875 0.12493518518518519
34 0.37913020833333333 0.4260740740740741 0.09216145833333332 0.1429351851851852
7 0.5057395833333334 0.42514814814814816 0.08824479166666667 0.15685185185185185
27 0.5987864583333333 0.5213611111111112 0.08781770833333334 0.15450000000000003
22 0.642515625 0.3668148148148148 0.08902083333333333 0.1548240740740741
10 0.6794947916666667 0.6673240740740741 0.08046875 0.16762962962962963
33 0.5941510416666667 0.6753518518518519 0.0891875 0.15805555555555553
9 0.4966458333333333 0.618925925925926 0.08684375000000001 0.15314814814814814
21 0.401171875 0.5975092592592592 0.084703125 0.15889814814814815
30 0.4225260416666667 0.7759166666666667 0.09602083333333335 0.1219814814814815
31 0.3410625 0.8102685185185186 0.08422916666666666 0.13689814814814813
32 0.20991666666666667 0.5570833333333333 0.086265625 0.16092592592592594
20 0.3125 0.567287037037037 0.07363541666666666 0.16648148148148148
23 0.24413020833333335 0.776462962962963 0.08376041666666666 0.15239814814814814
2 0.15559895833333334 0.7030740740740741 0.09111979166666666 0.1601111111111111