0 0.745625 0.7431203703703704 0.08140104166666666 0.1560740740740741
28 0.5670104166666667 0.17157407407407407 0.08306770833333334 0.14975925925925926
21 0.4123645833333333 0.4540648148148148 0.08001041666666667 0.14969444444444444
32 0.33264062499999997 0.5165277777777778 0.08303645833333334 0.15303703703703703
27 0.2678125 0.11867592592592592 0.07523958333333333 0.14903703703703705
26 0.31711458333333337 0.33443518518518517 0.08880729166666666 0.1557685185185185
25 0.17965625 0.3198425925925926 0.08227083333333333 0.1324814814814815
24 0.6371979166666667 0.7965092592592593 0.09658854166666667 0.12806481481481483
23 0.5030208333333334 0.6061759259259258 0.08802604166666667 0.1575
20 0.2838541666666667 0.6943796296296296 0.07167708333333334 0.16760185185185184
19 0.6469635416666667 0.4906203703703704 0.06974479166666667 0.17187962962962963
18 0.17045312499999998 0.46924074074074074 0.09542708333333333 0.1302685185185185
17 0.5286927083333334 0.34537962962962965 0.08233333333333334 0.16356481481481483
16 0.65946875 0.14891666666666667 0.09027083333333333 0.15187962962962964
15 0.8420572916666667 0.11646296296296296 0.08831770833333333 0.16021296296296297
14 0.9300208333333334 0.8379814814814814 0.09211979166666667 0.13417592592592592
13 0.13873958333333333 0.6820648148148148 0.087109375 0.15563888888888888
12 0.6768697916666666 0.9151018518518518 0.088140625 0.15869444444444444
10 0.9143854166666666 0.19935185185185186 0.088125 0.16028703703703706
9 0.6631770833333334 0.6361203703703704 0.08878125 0.15662962962962962
8 0.9354114583333334 0.3852685185185185 0.08595833333333333 0.15838888888888888
7 0.644578125 0.3013148148148148 0.08104166666666666 0.1642037037037037
6 0.934515625 0.6155740740740742 0.08185416666666666 0.15561111111111112
5 0.47198958333333335 0.2029537037037037 0.08493750000000001 0.157
4 0.3648385416666667 0.6627685185185185 0.093546875 0.13945370370370372
3 0.8748020833333333 0.5152592592592593 0.07320312500000001 0.16916666666666666
2 0.1755729166666667 0.1524537037037037 0.07796874999999999 0.1706574074074074
34 0.2747708333333333 0.8505092592592592 0.089546875 0.15942592592592594
1 0.7775885416666667 0.5380833333333334 0.07491666666666667 0.16887962962962963
31 0.4029739583333333 0.13465740740740742 0.0806875 0.13270370370370368
30 0.18401041666666668 0.8331296296296296 0.08711458333333333 0.15305555555555556
33 0.4896822916666667 0.8249166666666666 0.07614583333333333 0.16467592592592592
11 0.39916145833333333 0.859074074074074 0.08805729166666666 0.1598425925925926
22 0.5580677083333333 0.5067685185185185 0.08783854166666667 0.15644444444444444
29 0.7576041666666666 0.34718518518518515 0.08416666666666667 0.1385648148148148