14 0.21816145833333334 0.25386111111111115 0.06891666666666667 0.16913888888888887
11 0.30888541666666663 0.16805555555555557 0.09122916666666667 0.16405555555555557
4 0.4564739583333333 0.15127777777777776 0.09038541666666666 0.1525
1 0.5469635416666667 0.1927222222222222 0.081890625 0.1628703703703704
17 0.6651979166666667 0.1917037037037037 0.09670833333333334 0.14145370370370372
26 0.787625 0.12983333333333333 0.09640104166666667 0.13723148148148148
19 0.913640625 0.12452777777777779 0.08928124999999999 0.16093518518518518
29 0.3991979166666667 0.28350925925925924 0.08522395833333334 0.15663888888888888
13 0.30237499999999995 0.34669444444444447 0.08770833333333333 0.15718518518518518
12 0.174875 0.4540462962962963 0.09074479166666666 0.16125
32 0.234625 0.5558888888888889 0.08555729166666667 0.15903703703703703
20 0.32959895833333336 0.5557037037037037 0.08269270833333334 0.1594722222222222
34 0.40404687499999997 0.44605555555555554 0.0918125 0.1437037037037037
7 0.505953125 0.42524999999999996 0.08750520833333333 0.15691666666666668
22 0.6196927083333333 0.3297962962962963 0.07226041666666667 0.1722962962962963
5 0.7677916666666668 0.3149814814814815 0.07226041666666667 0.17146296296296296
6 0.84221875 0.2624351851851852 0.08879166666666666 0.15876851851851853
28 0.9233697916666667 0.3166759259259259 0.08472916666666667 0.1610462962962963
15 0.9331875000000001 0.46968518518518515 0.089328125 0.15837037037037036
3 0.835140625 0.47775 0.08736979166666667 0.1565925925925926
16 0.71296875 0.4413796296296296 0.08309375 0.16314814814814813
27 0.6172187499999999 0.5020277777777779 0.08164583333333333 0.13139814814814815
9 0.5102760416666666 0.6282685185185185 0.0895 0.15746296296296297
21 0.41538020833333333 0.589 0.07720833333333334 0.1546574074074074
2 0.1498125 0.6745555555555556 0.07634895833333334 0.1711574074074074
23 0.24722916666666667 0.7678333333333334 0.08879687500000001 0.15931481481481483
31 0.35684375 0.745037037037037 0.07705729166666667 0.14763888888888888
30 0.44131250000000005 0.787675925925926 0.06716145833333333 0.1733611111111111
18 0.5364479166666667 0.7729074074074074 0.07683333333333334 0.1651111111111111
33 0.6090416666666666 0.6722870370370371 0.08934895833333334 0.15912037037037036
10 0.6678645833333333 0.7557222222222222 0.084734375 0.15758333333333333
24 0.7606770833333333 0.637712962962963 0.070671875 0.17360185185185187
8 0.8536041666666667 0.6288796296296297 0.09194791666666666 0.14957407407407405
0 0.8060677083333334 0.8169259259259259 0.06938020833333333 0.1512314814814815
25 0.8836458333333332 0.8213611111111112 0.07832291666666666 0.14922222222222223