0 0.7740833333333333 0.8099537037037037 0.08943229166666668 0.15266666666666667
28 0.9135572916666667 0.5180277777777778 0.08263020833333333 0.1603888888888889
10 0.309 0.39185185185185184 0.09919791666666668 0.12220370370370369
9 0.49819791666666663 0.5289722222222222 0.09297916666666667 0.13269444444444445
8 0.14368229166666666 0.7761481481481481 0.08936979166666667 0.1512037037037037
2 0.21965104166666669 0.20562037037037037 0.07720833333333334 0.17099074074074072
1 0.576265625 0.2268888888888889 0.08544270833333334 0.1552222222222222
3 0.8234583333333333 0.445462962962963 0.07897395833333333 0.16545370370370371
26 0.31310416666666663 0.19794444444444445 0.06691666666666667 0.17800925925925926
25 0.21272916666666666 0.4568888888888889 0.08542708333333333 0.14124074074074072
21 0.3949479166666666 0.5162962962962964 0.08289062500000001 0.1453148148148148
23 0.23431770833333332 0.7119537037037037 0.08290625 0.1348425925925926
11 0.28553125 0.7984814814814815 0.079671875 0.12685185185185185
33 0.2987604166666667 0.5792037037037037 0.08699479166666667 0.1526851851851852
16 0.728078125 0.5188981481481482 0.091125 0.1583240740740741
18 0.4996145833333333 0.7050185185185185 0.08446875000000001 0.1539722222222222
24 0.6943802083333334 0.7223703703703703 0.07343229166666668 0.17085185185185187
14 0.8251770833333333 0.6516851851851853 0.08948958333333333 0.1582037037037037
32 0.13736979166666666 0.5321574074074075 0.077015625 0.15601851851851853
13 0.5763541666666666 0.8785277777777777 0.08837500000000001 0.1581574074074074
20 0.4903645833333333 0.16587962962962963 0.079984375 0.16498148148148148
5 0.7268958333333334 0.3172962962962963 0.07019270833333334 0.17063888888888887
29 0.40511458333333333 0.14312037037037037 0.08330729166666666 0.1389351851851852
22 0.6232500000000001 0.42641666666666667 0.09164062499999999 0.14616666666666667
30 0.392515625 0.7331388888888889 0.09548437500000001 0.12512037037037035
17 0.65603125 0.23198148148148148 0.08528125 0.1635185185185185
27 0.40075000000000005 0.3307685185185185 0.08169791666666668 0.1509814814814815
19 0.9126093750000001 0.10033333333333333 0.068984375 0.17517592592592593
6 0.8100520833333333 0.25643518518518515 0.08584895833333334 0.13000925925925927
15 0.907984375 0.35777777777777775 0.08804687500000001 0.15857407407407406
31 0.7676302083333333 0.11448148148148148 0.08578124999999999 0.14712962962962964
34 0.134765625 0.3100555555555556 0.07315104166666667 0.17074074074074075
7 0.5013645833333333 0.3616481481481481 0.07042708333333333 0.1666111111111111
4 0.59465625 0.7097777777777777 0.08763541666666666 0.15499074074074073
12 0.8807552083333333 0.8573796296296297 0.08336458333333334 0.1565