0 0.7095677083333333 0.871175925925926 0.08374479166666667 0.11995370370370372
3 0.8508020833333333 0.8511388888888889 0.079765625 0.16290740740740742
14 0.9128072916666666 0.7540277777777779 0.08330208333333333 0.1567037037037037
6 0.9184427083333334 0.5681203703703704 0.08848437499999999 0.15912037037037036
8 0.9091510416666666 0.38773148148148145 0.08804687500000001 0.16049074074074074
15 0.9202395833333333 0.15285185185185185 0.08844791666666667 0.16028703703703706
7 0.7988072916666666 0.18238888888888888 0.09420833333333332 0.13621296296296298
28 0.7451875 0.32372222222222224 0.07038541666666666 0.149
29 0.6831406250000001 0.14262962962962963 0.080453125 0.1300462962962963
5 0.6255364583333333 0.23869444444444446 0.08192187499999999 0.16417592592592592
22 0.6613697916666667 0.39387037037037037 0.07738020833333333 0.16928703703703704
31 0.7624322916666666 0.5304074074074074 0.07648958333333335 0.14669444444444446
12 0.775875 0.7078981481481481 0.09192708333333334 0.14460185185185184
24 0.6532864583333333 0.6973518518518519 0.09657291666666666 0.1311388888888889
16 0.6501510416666666 0.5494814814814816 0.09496875 0.13018518518518518
17 0.5558802083333333 0.3660740740740741 0.08927083333333334 0.1599537037037037
9 0.47125 0.2703611111111111 0.09330208333333333 0.13546296296296298
1 0.5341197916666667 0.126 0.09071875 0.14902777777777776
26 0.4158385416666667 0.1666111111111111 0.08386979166666667 0.16391666666666665
10 0.33422395833333335 0.36126851851851854 0.09053125 0.15902777777777777
27 0.3187083333333333 0.5061296296296296 0.08645833333333333 0.14908333333333332
21 0.427796875 0.4977592592592593 0.08361979166666668 0.14326851851851852
23 0.5099583333333333 0.6102962962962963 0.08519270833333333 0.15167592592592594
19 0.558640625 0.7469629629629629 0.06959895833333334 0.17179629629629628
13 0.48232291666666666 0.8801944444444445 0.08868229166666668 0.16089814814814815
4 0.4379427083333333 0.7762222222222223 0.08675000000000001 0.15249074074074073
18 0.42922916666666666 0.6405462962962962 0.088359375 0.15637037037037035
33 0.32853125 0.8509537037037037 0.088625 0.15555555555555556
11 0.28625520833333334 0.7217037037037037 0.08502604166666666 0.14049074074074072
20 0.200703125 0.797537037037037 0.08984895833333333 0.14664814814814814
30 0.16989583333333333 0.6138148148148148 0.07420833333333333 0.17080555555555554
32 0.22143229166666664 0.5136111111111111 0.07716145833333334 0.1555462962962963
25 0.21139583333333334 0.35474074074074075 0.09076041666666666 0.16124074074074074
34 0.19336979166666665 0.17650925925925925 0.09077604166666667 0.14980555555555555
2 0.28200520833333337 0.20100925925925925 0.08867708333333332 0.15963888888888889