14 0.21678645833333335 0.25822222222222224 0.080046875 0.16562962962962963
11 0.3023645833333333 0.1606388888888889 0.084359375 0.15506481481481482
29 0.4031458333333333 0.18724074074074074 0.08890104166666667 0.16133333333333333
1 0.5018020833333333 0.14202777777777775 0.09252083333333333 0.14307407407407408
17 0.6581354166666666 0.24750925925925926 0.08968229166666666 0.15210185185185185
26 0.8124583333333334 0.13164814814814815 0.09746874999999999 0.12785185185185186
19 0.9168802083333334 0.14580555555555555 0.09088020833333334 0.15971296296296297
6 0.8532604166666666 0.2883425925925926 0.08819270833333334 0.1515462962962963
15 0.9440416666666667 0.37605555555555553 0.08019791666666666 0.16566666666666666
3 0.8245260416666667 0.43416666666666665 0.08988020833333334 0.16094444444444445
9 0.8008385416666666 0.61 0.09464583333333333 0.13672222222222222
25 0.9076458333333334 0.7035648148148148 0.0830625 0.1530462962962963
0 0.7924427083333333 0.7491203703703704 0.08450520833333333 0.13253703703703704
28 0.9065989583333334 0.8593888888888889 0.083625 0.1424351851851852
12 0.19313541666666667 0.43071296296296296 0.084 0.16074074074074074
13 0.28175 0.39144444444444443 0.07885416666666667 0.15596296296296297
4 0.36590625 0.3400462962962963 0.08786458333333333 0.15967592592592592
22 0.5595885416666667 0.30625 0.08717708333333334 0.1555740740740741
5 0.7480260416666666 0.2989722222222222 0.08766145833333333 0.15561111111111112
16 0.7279791666666667 0.4494722222222222 0.09425 0.14105555555555555
10 0.6881406250000001 0.6771944444444444 0.09777604166666666 0.12871296296296295
24 0.6293593749999999 0.8515740740740741 0.08091666666666668 0.16507407407407407
32 0.260859375 0.5731018518518519 0.07811979166666667 0.15561111111111112
20 0.350609375 0.5239814814814815 0.08855208333333334 0.1575462962962963
34 0.42764062500000005 0.47433333333333333 0.07089062500000001 0.17067592592592593
7 0.525484375 0.4385648148148148 0.093515625 0.13028703703703703
27 0.6200729166666666 0.47749074074074077 0.08256250000000001 0.13321296296296298
8 0.51921875 0.5850648148148149 0.08275520833333333 0.1580925925925926
33 0.59128125 0.6568055555555555 0.08732812499999999 0.15498148148148147
18 0.5355520833333334 0.8172962962962963 0.07459375 0.1678425925925926
2 0.18904166666666666 0.6625833333333334 0.090015625 0.16062037037037036
21 0.42084375 0.6364074074074074 0.08502604166666666 0.15719444444444444
30 0.426875 0.8358333333333334 0.07667708333333333 0.16910185185185184
31 0.34815625 0.7671296296296296 0.08896875 0.1563240740740741
23 0.22678125000000002 0.8303148148148148 0.07230729166666668 0.14227777777777778