0 0.8040208333333333 0.8397592592592593 0.07304166666666667 0.1547037037037037
12 0.9075052083333334 0.8572222222222222 0.08047916666666667 0.16205555555555556
14 0.8623697916666667 0.6465555555555556 0.077953125 0.16485185185185183
24 0.773046875 0.6638703703703703 0.09930729166666666 0.11812037037037036
28 0.921203125 0.471962962962963 0.08805729166666666 0.1504722222222222
15 0.9071145833333334 0.32180555555555557 0.09634374999999999 0.12525
19 0.8977239583333334 0.13655555555555554 0.07201041666666666 0.17375000000000002
6 0.8327656250000001 0.2595277777777778 0.08755208333333334 0.14060185185185184
31 0.7857760416666667 0.13712037037037036 0.08791145833333333 0.15641666666666668
5 0.7491927083333334 0.3168703703703704 0.07419270833333333 0.16964814814814816
3 0.8302812500000001 0.45722222222222225 0.08615104166666666 0.15739814814814815
16 0.7259635416666667 0.5327222222222222 0.08361979166666668 0.1607037037037037
4 0.6374427083333334 0.6951018518518519 0.09285416666666667 0.14175000000000001
13 0.6067864583333333 0.8064351851851852 0.087421875 0.1495
18 0.5151927083333333 0.8029351851851851 0.08892708333333334 0.16071296296296295
30 0.40778125000000004 0.7380092592592592 0.08536458333333334 0.15414814814814815
11 0.28216145833333334 0.86875 0.08698437499999999 0.15731481481481482
23 0.24962499999999999 0.7399907407407408 0.08611979166666667 0.14639814814814817
8 0.14861979166666667 0.7396296296296296 0.08941666666666667 0.1605
32 0.18397395833333335 0.5961388888888889 0.070546875 0.15224074074074073
33 0.27927083333333336 0.5843333333333334 0.07288020833333334 0.16683333333333333
21 0.39726041666666667 0.574824074074074 0.08453125 0.14625925925925926
9 0.498265625 0.5812407407407407 0.07291666666666667 0.16725925925925925
7 0.504390625 0.4165 0.08714583333333333 0.15076851851851852
22 0.629234375 0.3822314814814815 0.09744791666666666 0.12560185185185185
17 0.6610052083333334 0.21808333333333332 0.09994791666666666 0.12624074074074074
1 0.5637291666666666 0.24562962962962961 0.08533333333333333 0.15711111111111112
27 0.3800625 0.40687962962962965 0.07430729166666666 0.14604629629629629
10 0.30055208333333333 0.38204629629629633 0.09142708333333333 0.14851851851851852
25 0.18407291666666667 0.4487777777777778 0.07352083333333333 0.14372222222222222
34 0.13520312499999998 0.2368148148148148 0.06963541666666666 0.17474074074074075
2 0.2135 0.17756481481481481 0.06935416666666666 0.17699074074074075
26 0.2950416666666667 0.12159259259259259 0.093328125 0.14449074074074075
29 0.38422395833333334 0.23492592592592593 0.08817708333333334 0.1580925925925926
20 0.43602604166666664 0.12307407407407406 0.086359375 0.15774074074074076