14 0.21372916666666666 0.23245370370370372 0.08504166666666667 0.1606388888888889
11 0.27353645833333334 0.11890740740740739 0.089328125 0.1622037037037037
4 0.41730208333333335 0.1524814814814815 0.09625 0.13598148148148148
1 0.503546875 0.20219444444444445 0.08782291666666667 0.16071296296296295
17 0.6440364583333333 0.2353888888888889 0.0881875 0.1585
26 0.7880677083333333 0.12926851851851853 0.096078125 0.13720370370370372
19 0.9161927083333333 0.14517592592592593 0.09058854166666667 0.16101851851851853
6 0.8288802083333333 0.26698148148148143 0.06966666666666667 0.1496574074074074
5 0.738375 0.27907407407407403 0.07086979166666667 0.17042592592592593
22 0.5910520833333333 0.33767592592592593 0.08769270833333334 0.15194444444444444
16 0.704453125 0.43672222222222223 0.08211979166666666 0.16292592592592595
3 0.8013020833333333 0.46205555555555555 0.08782291666666667 0.15560185185185185
15 0.9261510416666667 0.4230925925925926 0.0860625 0.1585462962962963
28 0.9267187499999999 0.5707129629629629 0.08698437499999999 0.1378425925925926
9 0.82009375 0.6363333333333333 0.08145833333333334 0.16323148148148148
10 0.7112291666666667 0.6413518518518518 0.09009895833333334 0.1598425925925926
0 0.7983020833333333 0.7781388888888888 0.081609375 0.15560185185185185
25 0.8892656250000001 0.8405462962962963 0.089046875 0.15885185185185186
24 0.650453125 0.7958981481481482 0.07380729166666668 0.17016666666666666
33 0.5777135416666667 0.666425925925926 0.06829687499999999 0.1676851851851852
27 0.6194375 0.47687037037037033 0.08251041666666666 0.13232407407407407
7 0.5281041666666667 0.42764814814814817 0.0910625 0.14174074074074075
34 0.4218541666666667 0.4618333333333333 0.07449479166666667 0.16856481481481483
8 0.4790677083333333 0.5828055555555555 0.08109374999999999 0.16318518518518518
21 0.4099791666666667 0.6415185185185186 0.08182291666666666 0.1537037037037037
20 0.34330208333333334 0.5330740740740741 0.07322916666666666 0.16624074074074074
13 0.29002083333333334 0.37854629629629627 0.08478125 0.15671296296296297
29 0.3606979166666667 0.256 0.08444270833333332 0.13914814814814816
12 0.20895833333333333 0.43555555555555553 0.08900520833333332 0.15641666666666668
32 0.2609635416666667 0.5736018518518519 0.07875520833333334 0.15544444444444444
2 0.18908854166666667 0.6626851851851853 0.09020833333333332 0.15983333333333333
23 0.263609375 0.7806481481481482 0.09005729166666666 0.15910185185185186
31 0.3431197916666667 0.7686111111111111 0.08851041666666666 0.15941666666666665
30 0.45381770833333335 0.7680462962962963 0.09575520833333333 0.12816666666666665
18 0.5404895833333333 0.8305277777777778 0.08122916666666667 0.1610925925925926