0 0.8059479166666667 0.8164166666666667 0.06824999999999999 0.15091666666666667
25 0.874375 0.8153981481481481 0.07756249999999999 0.14857407407407408
8 0.8655729166666667 0.6399907407407408 0.090875 0.16230555555555554
24 0.763234375 0.6411944444444444 0.07119270833333333 0.17367592592592593
15 0.9339583333333333 0.5098796296296296 0.09607291666666667 0.13086111111111112
28 0.9355885416666666 0.3244166666666667 0.08358854166666667 0.13319444444444445
3 0.8391770833333333 0.45825925925925926 0.08483333333333333 0.16010185185185186
6 0.8531718749999999 0.2692777777777778 0.087921875 0.15921296296296295
19 0.9189739583333334 0.13224074074074074 0.08111458333333334 0.16801851851851854
26 0.7922656250000001 0.10780555555555556 0.09817708333333333 0.12600925925925927
17 0.66215625 0.20097222222222225 0.09697916666666666 0.14412962962962964
5 0.7519114583333334 0.3226203703703704 0.08507291666666666 0.16244444444444445
16 0.7209166666666668 0.5049722222222223 0.09059895833333333 0.15973148148148147
22 0.6428541666666666 0.36669444444444443 0.088953125 0.1541759259259259
1 0.5443125 0.24079629629629629 0.07588541666666666 0.16852777777777778
4 0.4504114583333333 0.1561574074074074 0.09598958333333334 0.13775925925925925
29 0.3678072916666667 0.24762037037037038 0.07496875 0.14902777777777776
11 0.3018177083333333 0.16062962962962962 0.079015625 0.15299074074074073
14 0.20957291666666666 0.2456759259259259 0.08075 0.16610185185185183
12 0.17441145833333332 0.4378796296296297 0.072671875 0.1708148148148148
13 0.27996875 0.39666666666666667 0.08898958333333334 0.14478703703703705
34 0.3918385416666667 0.4244537037037037 0.09706250000000001 0.12365740740740742
7 0.5060989583333334 0.4260462962962963 0.08700520833333333 0.15637037037037035
27 0.6208958333333333 0.5251203703703704 0.080578125 0.15241666666666667
33 0.587671875 0.6393703703703704 0.08569270833333334 0.15327777777777776
10 0.6770364583333334 0.7302314814814814 0.08626041666666667 0.15621296296296297
18 0.527703125 0.7798425925925926 0.0861875 0.15446296296296297
30 0.42939062499999997 0.8119722222222222 0.087421875 0.1590648148148148
31 0.343265625 0.7451018518518518 0.08721354166666666 0.15359259259259259
23 0.24835937500000002 0.7863333333333333 0.07564062499999999 0.1466111111111111
2 0.15548958333333335 0.7020925925925926 0.09080208333333334 0.16046296296296297
32 0.20443229166666665 0.568138888888889 0.08153125 0.15650925925925926
20 0.3192760416666667 0.5680648148148149 0.07081770833333333 0.16706481481481483
21 0.41642708333333334 0.5750648148148149 0.07880208333333334 0.15512037037037038
9 0.5069895833333333 0.5971574074074074 0.08053645833333332 0.16075925925925927