28 0.8330468750000001 0.2467222222222222 0.07230729166666668 0.15486111111111112
0 0.7370104166666667 0.8226203703703703 0.08732291666666667 0.1488796296296296
10 0.3056145833333333 0.3743518518518519 0.08881770833333333 0.1572685185185185
9 0.39793229166666666 0.2955925925925926 0.08668229166666667 0.1554722222222222
8 0.5503750000000001 0.12058333333333332 0.06942708333333333 0.17620370370370372
3 0.8857604166666667 0.8638611111111112 0.08221875000000001 0.1572777777777778
2 0.24685937500000002 0.19087962962962962 0.086078125 0.16330555555555556
1 0.7300104166666667 0.54225 0.09170833333333334 0.14713888888888887
25 0.227140625 0.43226851851851855 0.0870625 0.14393518518518517
26 0.34722916666666664 0.1366203703703704 0.08919791666666667 0.16006481481481483
23 0.5242552083333334 0.5429444444444445 0.07600520833333334 0.1483425925925926
21 0.42030208333333335 0.4608518518518519 0.08035416666666667 0.15450000000000003
11 0.31043229166666664 0.8286111111111111 0.07992708333333334 0.12724074074074074
33 0.4027395833333333 0.80475 0.08853645833333333 0.1490462962962963
16 0.632953125 0.15545370370370368 0.087640625 0.15533333333333332
18 0.47322395833333336 0.6768240740740741 0.08197395833333333 0.15807407407407406
24 0.6785 0.720212962962963 0.07327604166666667 0.17119444444444443
14 0.922171875 0.6325185185185185 0.087125 0.1552314814814815
32 0.13728125 0.47050925925925924 0.08403125 0.1413333333333333
13 0.5059583333333334 0.8498148148148148 0.06925520833333333 0.1485
20 0.223890625 0.7903333333333333 0.09391666666666666 0.12971296296296297
5 0.703984375 0.2513240740740741 0.090078125 0.1625740740740741
29 0.46020833333333333 0.15242592592592594 0.07991666666666666 0.13184259259259257
30 0.14872395833333335 0.6527777777777778 0.06722395833333333 0.17270370370370372
22 0.6335364583333334 0.3834814814814815 0.08674479166666667 0.15687037037037035
17 0.5417187499999999 0.3378240740740741 0.078125 0.1683425925925926
27 0.28167708333333336 0.6257037037037037 0.08327083333333334 0.15175
19 0.5781510416666666 0.697324074074074 0.08625 0.154
6 0.955125 0.4286111111111111 0.08934895833333334 0.15796296296296294
15 0.8597135416666667 0.5002685185185185 0.08149479166666666 0.16536111111111113
31 0.7801145833333333 0.36983333333333335 0.08968229166666666 0.15953703703703706
12 0.8192968749999999 0.6528518518518519 0.09553125 0.1291388888888889
7 0.7579427083333333 0.08631481481481482 0.09528645833333332 0.13121296296296298
4 0.38384375 0.6149907407407408 0.08773958333333334 0.1580925925925926
34 0.16720312499999998 0.29030555555555554 0.08952083333333333 0.16175