11 0.3157916666666667 0.11941666666666667 0.09004166666666666 0.16049074074074074
14 0.22764583333333333 0.22110185185185185 0.08773958333333334 0.15738888888888888
12 0.181671875 0.38710185185185186 0.074265625 0.16669444444444445
13 0.2811875 0.3868888888888889 0.0854375 0.12610185185185185
32 0.207234375 0.5646574074074074 0.08457291666666666 0.15964814814814815
2 0.15250520833333334 0.6616203703703704 0.06809375000000001 0.1745925925925926
23 0.23668229166666668 0.7452222222222222 0.08559895833333334 0.15437037037037038
31 0.30134375 0.8776111111111111 0.07342708333333332 0.1450648148148148
30 0.40470833333333334 0.7587870370370371 0.06494791666666667 0.17162962962962963
18 0.4690989583333333 0.8798333333333334 0.07125520833333333 0.16782407407407407
33 0.552265625 0.746175925925926 0.08856770833333334 0.15838888888888888
9 0.51134375 0.6223333333333333 0.0895625 0.14251851851851852
21 0.4136875 0.5854537037037036 0.07577083333333333 0.15330555555555556
20 0.3052708333333333 0.5361296296296296 0.08841145833333333 0.15443518518518518
34 0.38594270833333333 0.4465 0.072359375 0.16725925925925925
29 0.37458854166666666 0.24864814814814817 0.08865104166666667 0.15796296296296294
4 0.47513020833333336 0.17612037037037037 0.07599479166666666 0.16928703703703704
1 0.5625729166666668 0.24930555555555556 0.08784895833333332 0.15675
7 0.5053125 0.41508333333333336 0.08741145833333334 0.14777777777777779
27 0.5903229166666667 0.5102685185185185 0.08725000000000001 0.15701851851851853
10 0.6514166666666666 0.7057592592592593 0.08913020833333334 0.1602222222222222
25 0.8974635416666668 0.8507222222222222 0.07697395833333333 0.14987962962962964
0 0.7866875 0.8120555555555555 0.083578125 0.12681481481481482
8 0.8704479166666667 0.6331203703703704 0.08521875 0.15739814814814815
24 0.7776979166666667 0.664861111111111 0.09185937500000001 0.1461388888888889
16 0.7229635416666667 0.5119537037037036 0.087765625 0.15263888888888888
3 0.8255729166666667 0.4709814814814815 0.09052083333333334 0.16077777777777777
15 0.924078125 0.47787962962962965 0.08472916666666667 0.15683333333333332
28 0.924578125 0.34090740740740744 0.08069791666666666 0.12005555555555555
22 0.6429322916666667 0.36742592592592593 0.08838541666666666 0.15444444444444447
5 0.77053125 0.34180555555555553 0.07130729166666666 0.16958333333333334
6 0.8496770833333334 0.26073148148148145 0.0685 0.14689814814814817
19 0.8941458333333333 0.11793518518518518 0.09240625 0.14100000000000001
26 0.77175 0.13849074074074075 0.06913020833333333 0.1731574074074074
17 0.6613541666666667 0.2124351851851852 0.09920833333333333 0.12862037037037036