0 0.7952395833333333 0.8139259259259259 0.073453125 0.14968518518518517
12 0.8831875 0.8737314814814815 0.07326041666666666 0.16747222222222222
14 0.84175 0.6443425925925926 0.08620833333333335 0.15691666666666668
28 0.9346770833333333 0.5469722222222222 0.06553645833333334 0.1469537037037037
3 0.8217552083333334 0.4182592592592593 0.09141145833333333 0.15966666666666665
15 0.925015625 0.33511111111111114 0.09209375 0.14737037037037037
6 0.8448177083333334 0.239962962962963 0.08829166666666667 0.1473796296296296
19 0.9150625 0.09833333333333334 0.09691666666666668 0.12978703703703703
31 0.8048020833333334 0.08295370370370371 0.08679166666666666 0.15452777777777776
5 0.74078125 0.31646296296296295 0.073984375 0.1700648148148148
17 0.6667239583333333 0.21493518518518517 0.08746354166666667 0.15933333333333335
22 0.6316770833333333 0.38199074074074074 0.09784895833333333 0.11972222222222223
16 0.7335625 0.536962962962963 0.07375 0.1704074074074074
24 0.7025364583333332 0.7482314814814816 0.06809895833333333 0.17375000000000002
4 0.6074531249999999 0.6880370370370371 0.08842708333333334 0.15075
13 0.5736979166666667 0.9095740740740741 0.0888125 0.1618888888888889
18 0.5020208333333334 0.7163333333333333 0.0888125 0.15941666666666665
30 0.39569270833333337 0.7416203703703704 0.08963020833333334 0.15864814814814815
11 0.289171875 0.8481018518518519 0.08563020833333333 0.14145370370370372
23 0.21744270833333335 0.7161666666666667 0.08301041666666667 0.1305462962962963
8 0.11819791666666667 0.7887592592592593 0.089390625 0.15966666666666665
32 0.13925 0.5754722222222222 0.07432291666666666 0.15004629629629632
25 0.1935677083333333 0.4263703703703704 0.08103645833333334 0.1520277777777778
34 0.11921354166666666 0.28903703703703704 0.074140625 0.17169444444444446
2 0.21175 0.18350925925925926 0.07586979166666666 0.1740925925925926
26 0.29197395833333334 0.15144444444444444 0.09083854166666666 0.1626574074074074
29 0.39615104166666665 0.1841574074074074 0.09016666666666667 0.1616388888888889
20 0.48246354166666666 0.12425925925925925 0.08330729166666666 0.1637962962962963
1 0.5583125 0.22 0.07640625 0.16722222222222222
7 0.498109375 0.36514814814814817 0.07209895833333334 0.1662777777777778
27 0.3986458333333333 0.35730555555555554 0.07302604166666667 0.1433425925925926
10 0.30426562500000004 0.3813425925925926 0.09271875 0.14762962962962964
33 0.2862708333333333 0.5782962962962962 0.08456250000000001 0.15813888888888888
21 0.4114114583333333 0.5293611111111112 0.084078125 0.15898148148148147
9 0.5035885416666667 0.5750462962962962 0.08479687500000001 0.1552037037037037