0 0.6954895833333333 0.887925925925926 0.09064583333333333 0.1517962962962963
24 0.6905312499999999 0.7249444444444445 0.089609375 0.15287037037037038
12 0.79434375 0.7048518518518518 0.09366145833333334 0.15263888888888888
34 0.14832291666666667 0.20530555555555555 0.07638020833333334 0.167
2 0.24406250000000002 0.12250925925925926 0.09639583333333333 0.13799999999999998
26 0.35614583333333333 0.14862962962962964 0.06946354166666667 0.17528703703703705
29 0.46160416666666665 0.10941666666666666 0.08667708333333332 0.1556759259259259
16 0.6634687499999999 0.1266574074074074 0.085015625 0.1623611111111111
7 0.7883802083333333 0.13296296296296295 0.08925520833333334 0.15087037037037038
8 0.9025208333333333 0.3509351851851852 0.08558854166666667 0.15664814814814815
28 0.7579427083333333 0.26822222222222225 0.087765625 0.13617592592592592
22 0.6327135416666666 0.35271296296296295 0.07222395833333332 0.17016666666666666
5 0.5627031250000001 0.2251574074074074 0.09336979166666667 0.13327777777777777
9 0.43107291666666664 0.260712962962963 0.09413541666666667 0.12900925925925927
10 0.3257083333333333 0.3739907407407408 0.08903124999999999 0.1580925925925926
25 0.21778124999999998 0.3255092592592593 0.08604687500000001 0.1538425925925926
32 0.21369270833333334 0.4838148148148148 0.08509895833333332 0.1392685185185185
30 0.15200520833333334 0.5996944444444444 0.07200000000000001 0.1707962962962963
27 0.3126666666666667 0.5199074074074074 0.08328645833333333 0.13255555555555557
21 0.41539062499999996 0.4967685185185185 0.08445833333333333 0.1585925925925926
17 0.5368020833333333 0.4031944444444444 0.09724479166666668 0.12168518518518517
31 0.754578125 0.4271851851851852 0.08600000000000001 0.14315740740740743
6 0.9483229166666667 0.507537037037037 0.07098958333333334 0.15087037037037038
15 0.854640625 0.5485462962962963 0.06873958333333333 0.17183333333333334
1 0.704703125 0.5657037037037037 0.09454166666666668 0.12997222222222224
23 0.5149322916666667 0.549712962962963 0.08920833333333333 0.15841666666666668
20 0.205984375 0.7988611111111111 0.09363541666666667 0.12644444444444444
11 0.2807135416666667 0.7200462962962962 0.08427604166666666 0.13672222222222222
33 0.3553020833333333 0.8040092592592593 0.08747916666666668 0.15038888888888888
4 0.40838541666666667 0.6913888888888889 0.08997395833333334 0.1464259259259259
13 0.488765625 0.6872314814814815 0.07890104166666667 0.1535277777777778
18 0.5038125 0.8342962962962963 0.09363020833333334 0.12660185185185185
19 0.57353125 0.7461944444444444 0.06909895833333332 0.17103703703703704
3 0.8546458333333333 0.8810555555555555 0.08096875 0.15961111111111112
14 0.9376874999999999 0.7254351851851852 0.08067187499999999 0.16037037037037036