28 0.77253125 0.41583333333333333 0.08349999999999999 0.15761111111111112
0 0.74171875 0.8433148148148147 0.08893749999999999 0.14155555555555555
10 0.32515625 0.415462962962963 0.09030208333333332 0.1499074074074074
9 0.50559375 0.5167962962962963 0.08173958333333334 0.15883333333333333
8 0.5288333333333334 0.13322222222222221 0.089390625 0.15913888888888889
2 0.252171875 0.20981481481481482 0.08984375 0.1628611111111111
3 0.791703125 0.6516111111111111 0.07246875 0.16921296296296295
1 0.6333333333333333 0.16302777777777777 0.09441145833333334 0.13528703703703704
25 0.23811458333333332 0.42250925925925925 0.08649479166666667 0.15082407407407405
26 0.33783854166666666 0.12752777777777777 0.08830729166666668 0.15630555555555556
21 0.41590104166666664 0.45893518518518517 0.07809895833333333 0.14912037037037038
23 0.29804166666666665 0.5954166666666666 0.08978124999999999 0.15638888888888888
11 0.3155104166666666 0.8205092592592592 0.09021875 0.15723148148148147
33 0.4083229166666667 0.8353611111111111 0.0948125 0.12281481481481481
16 0.7083697916666666 0.5324907407407408 0.09421875 0.1360185185185185
18 0.47570833333333334 0.685962962962963 0.09176041666666666 0.13739814814814813
24 0.6802239583333333 0.6920925925925926 0.09040104166666667 0.1590740740740741
14 0.9116145833333333 0.6250277777777777 0.08752604166666668 0.15003703703703702
32 0.15331250000000002 0.42962962962962964 0.08067187499999999 0.15627777777777777
13 0.5380208333333333 0.8570277777777778 0.08677604166666668 0.13964814814814813
20 0.20831249999999998 0.7691018518518519 0.08595833333333333 0.15553703703703703
5 0.7225989583333334 0.2925 0.07865104166666666 0.1654074074074074
29 0.44609895833333335 0.16027777777777777 0.0785 0.13093518518518518
30 0.14333333333333334 0.6250462962962963 0.06738541666666667 0.17349074074074075
22 0.6372604166666667 0.3521851851851852 0.08847395833333334 0.15939814814814815
17 0.7328333333333333 0.1361851851851852 0.09109375 0.1629537037037037
27 0.3803125 0.3177222222222222 0.083625 0.13996296296296296
19 0.3957239583333333 0.6083425925925926 0.08559895833333334 0.15746296296296297
6 0.9026875000000001 0.3270740740740741 0.07403645833333333 0.15621296296296297
15 0.85428125 0.4908796296296296 0.08695833333333333 0.1526574074074074
31 0.8125104166666667 0.2212222222222222 0.08479166666666667 0.14285185185185184
34 0.15851041666666665 0.20035185185185184 0.080203125 0.16603703703703704
7 0.5376510416666667 0.33312037037037034 0.07038020833333333 0.16716666666666666
4 0.5796979166666667 0.7073333333333333 0.09452083333333333 0.13260185185185186
12 0.8715416666666667 0.7941018518518519 0.07620833333333334 0.1623611111111111