0 0.7837552083333333 0.6789074074074074 0.08524479166666667 0.15813888888888888
11 0.16286458333333334 0.1381388888888889 0.08878125 0.16019444444444444
22 0.6588333333333334 0.46275925925925926 0.07603125 0.1691851851851852
29 0.6785572916666667 0.3166851851851852 0.08651562500000001 0.14966666666666664
30 0.17761458333333333 0.7801018518518519 0.08696354166666667 0.1555462962962963
31 0.3938489583333334 0.12950925925925927 0.08448958333333333 0.14772222222222223
32 0.32141145833333334 0.5500185185185185 0.07655729166666667 0.15485185185185185
33 0.39180729166666667 0.8576481481481482 0.08699479166666667 0.15510185185185185
34 0.2767291666666667 0.9133888888888889 0.08936458333333334 0.1588425925925926
1 0.7526197916666667 0.5060833333333333 0.09341666666666668 0.14138888888888887
2 0.25407291666666665 0.22262037037037039 0.07748958333333333 0.17173148148148148
3 0.866125 0.739037037037037 0.09205208333333334 0.13702777777777778
4 0.36366145833333335 0.685212962962963 0.08888020833333334 0.1588611111111111
5 0.4187708333333333 0.26287962962962963 0.08609895833333334 0.15414814814814815
6 0.9511770833333333 0.6346944444444444 0.08936979166666667 0.1587314814814815
14 0.9359166666666667 0.8257129629629629 0.06998958333333333 0.16696296296296295
8 0.93975 0.3789537037037037 0.08041666666666666 0.16625
15 0.8835104166666666 0.11234259259259259 0.08529687500000001 0.16073148148148148
7 0.7731145833333334 0.23567592592592593 0.08865104166666667 0.1554074074074074
28 0.6580520833333333 0.1295462962962963 0.08551041666666667 0.14405555555555558
26 0.49336979166666667 0.12848148148148147 0.08924479166666667 0.16444444444444445
16 0.55928125 0.22219444444444444 0.0895 0.16119444444444445
17 0.5157760416666667 0.37989814814814815 0.08840104166666667 0.15602777777777777
21 0.40090625 0.48880555555555555 0.08398958333333333 0.15761111111111112
10 0.3293177083333333 0.35348148148148145 0.07050000000000001 0.17375000000000002
25 0.19312500000000002 0.29026851851851854 0.07983333333333334 0.12949074074074074
27 0.252140625 0.4515092592592593 0.0828125 0.15060185185185185
18 0.1653802083333333 0.4605092592592593 0.08740624999999999 0.15528703703703706
13 0.16954166666666665 0.6278148148148148 0.073296875 0.15271296296296297
20 0.253359375 0.6622314814814815 0.08433333333333333 0.15924074074074074
19 0.4942447916666667 0.8197129629629629 0.07162500000000001 0.17244444444444446
23 0.508125 0.6360648148148148 0.08811458333333334 0.15825925925925924
24 0.6354635416666666 0.8075 0.09373958333333333 0.13958333333333334
12 0.6771510416666667 0.9150277777777778 0.08834895833333332 0.15861111111111112
9 0.6185416666666667 0.6831388888888889 0.08983854166666667 0.14596296296296296