0 0.7178385416666667 0.8478333333333333 0.08352083333333334 0.1182962962962963
24 0.7053906249999999 0.7005833333333333 0.08413020833333333 0.16157407407407406
12 0.8018593749999999 0.6819351851851851 0.08345312499999999 0.16193518518518518
3 0.8758229166666667 0.8247037037037036 0.07311458333333333 0.16761111111111113
14 0.9197552083333334 0.6645740740740741 0.06754687499999999 0.16824074074074072
15 0.859734375 0.5409999999999999 0.07319791666666667 0.17200925925925928
6 0.947484375 0.48967592592592596 0.08265104166666666 0.12384259259259259
8 0.914875 0.28223148148148147 0.07200520833333333 0.17307407407407407
7 0.7704010416666667 0.0984074074074074 0.09058333333333332 0.1617962962962963
28 0.781140625 0.2567685185185185 0.084875 0.1603425925925926
16 0.6774947916666666 0.1672962962962963 0.09011458333333335 0.16042592592592592
17 0.5413802083333333 0.35574074074074075 0.08014062500000001 0.16700925925925927
22 0.672671875 0.3164537037037037 0.09352083333333333 0.14708333333333332
31 0.7699739583333333 0.4269722222222222 0.08794270833333333 0.15337962962962964
1 0.7093802083333334 0.5558703703703703 0.09088541666666666 0.1589722222222222
19 0.5792916666666666 0.7275462962962963 0.06870833333333333 0.17162037037037037
13 0.49881770833333333 0.7016203703703704 0.08719270833333333 0.1439537037037037
18 0.4794322916666667 0.8389537037037037 0.08926041666666666 0.15939814814814815
33 0.36490625 0.8578796296296296 0.09439062499999999 0.13333333333333333
11 0.31497916666666664 0.7327222222222223 0.09036458333333333 0.1590462962962963
20 0.21983854166666666 0.7828888888888889 0.09518229166666667 0.12721296296296294
30 0.17392708333333334 0.6477592592592593 0.08088541666666667 0.1655185185185185
32 0.214265625 0.47847222222222224 0.08511979166666667 0.15137962962962964
25 0.20846875 0.3426574074074074 0.08677083333333332 0.15499074074074073
34 0.20407291666666666 0.1590925925925926 0.08909375 0.15911111111111112
2 0.28196875 0.1469814814814815 0.09078125000000001 0.16124074074074074
26 0.4022864583333333 0.13181481481481483 0.09856770833333334 0.12013888888888889
29 0.49129687499999997 0.15916666666666668 0.090125 0.16264814814814815
5 0.5739062500000001 0.21992592592592594 0.07284375000000001 0.1697685185185185
4 0.4066354166666667 0.6550740740740741 0.08907291666666667 0.1584074074074074
27 0.320625 0.5675925925925925 0.08841666666666666 0.15325
21 0.4200052083333333 0.4445185185185185 0.07502604166666667 0.14878703703703702
23 0.5109270833333334 0.5472777777777778 0.08241666666666667 0.15081481481481482
10 0.32910416666666664 0.3642777777777778 0.08690625 0.15609259259259262
9 0.421078125 0.26894444444444443 0.08909375 0.15833333333333333