0 0.8049166666666667 0.8369629629629629 0.07478645833333333 0.15477777777777776
25 0.8860625 0.8871388888888889 0.08807291666666667 0.15639814814814815
8 0.8698072916666667 0.6335925925925926 0.08640104166666666 0.15706481481481482
15 0.9241979166666667 0.47679629629629633 0.08640104166666666 0.15943518518518518
28 0.9249635416666667 0.3409907407407407 0.08196874999999999 0.12202777777777778
19 0.9118541666666666 0.13541666666666666 0.08495833333333333 0.16280555555555556
6 0.8406510416666666 0.25178703703703703 0.06906770833333334 0.14777777777777779
26 0.7786302083333333 0.15668518518518518 0.08939583333333333 0.16173148148148148
5 0.7691927083333333 0.35644444444444445 0.08790104166666667 0.1553240740740741
3 0.8204479166666666 0.482712962962963 0.09183854166666668 0.14460185185185184
16 0.71509375 0.522712962962963 0.07389583333333333 0.16698148148148148
24 0.7698958333333333 0.65275 0.09427604166666666 0.14308333333333334
10 0.6495468750000001 0.640324074074074 0.09569791666666667 0.13602777777777778
18 0.48311458333333335 0.8759074074074075 0.08746354166666667 0.1561759259259259
33 0.5560833333333334 0.7564351851851853 0.09377083333333333 0.12525925925925926
9 0.5215052083333334 0.6195833333333333 0.085015625 0.15383333333333332
27 0.6000156249999999 0.4995648148148148 0.08553645833333333 0.1486111111111111
22 0.6403697916666666 0.36342592592592593 0.09795833333333334 0.11691666666666667
17 0.6610416666666666 0.21753703703703703 0.09938541666666666 0.12625
1 0.5635208333333334 0.24616666666666667 0.08568229166666666 0.1569537037037037
4 0.4847604166666667 0.18278703703703703 0.081109375 0.16633333333333333
29 0.3721614583333333 0.23512962962962963 0.08928124999999999 0.15799999999999997
11 0.3158229166666667 0.11131481481481481 0.08884895833333334 0.16036111111111112
14 0.23688020833333334 0.2113888888888889 0.07031770833333333 0.16957407407407407
12 0.16191145833333334 0.38896296296296295 0.08219270833333334 0.16308333333333333
13 0.26974479166666665 0.38682407407407404 0.08695833333333333 0.13144444444444445
32 0.18755729166666668 0.5988981481481481 0.06874479166666667 0.14966666666666664
20 0.281328125 0.5381481481481482 0.08451041666666666 0.15799074074074074
34 0.38276041666666666 0.4356481481481482 0.07647916666666667 0.16782407407407407
7 0.505578125 0.4151111111111111 0.088640625 0.14844444444444443
21 0.39808333333333334 0.5760740740740741 0.08494791666666666 0.14802777777777779
30 0.4078333333333333 0.7376481481481482 0.08572395833333334 0.15475
31 0.28334375 0.8634907407407408 0.09100520833333332 0.16185185185185186
23 0.24917187500000001 0.7391388888888889 0.08672395833333332 0.14600000000000002
2 0.11142708333333333 0.7194259259259259 0.08233854166666667 0.1622962962962963