0 0.7018229166666666 0.8684444444444444 0.08845833333333333 0.14783333333333332
24 0.7153072916666667 0.7320462962962964 0.09657291666666666 0.13437962962962963
3 0.8548229166666667 0.8810833333333333 0.08144270833333334 0.1602037037037037
14 0.9368541666666667 0.7353425925925926 0.08754166666666667 0.1580462962962963
15 0.8666874999999999 0.46925925925925926 0.08703124999999999 0.15916666666666668
6 0.9548385416666666 0.42821296296296296 0.06979166666666667 0.1481111111111111
8 0.921328125 0.29186111111111107 0.08878645833333333 0.16153703703703703
28 0.7803697916666666 0.25577777777777777 0.084734375 0.15921296296296295
31 0.7838437500000001 0.4294074074074074 0.08680729166666666 0.14966666666666664
12 0.7896302083333333 0.6079722222222222 0.08628125 0.15591666666666665
18 0.4741354166666667 0.8817499999999999 0.08821354166666667 0.15219444444444444
19 0.5793177083333333 0.7274074074074074 0.06819791666666666 0.17183333333333334
13 0.4930833333333334 0.6840092592592593 0.08898958333333334 0.15760185185185185
23 0.49492708333333335 0.5379999999999999 0.084484375 0.15113888888888888
21 0.415015625 0.4806296296296297 0.08055729166666666 0.15414814814814815
22 0.6573854166666667 0.34358333333333335 0.07459895833333333 0.17092592592592593
1 0.71765625 0.5264351851851852 0.08746354166666667 0.1559074074074074
7 0.7700416666666666 0.09791666666666667 0.09013020833333334 0.16178703703703703
16 0.6637552083333333 0.12655555555555556 0.08461979166666667 0.16365740740740742
5 0.5753125 0.22331481481481483 0.08922395833333334 0.14929629629629632
17 0.5471041666666667 0.3808796296296296 0.09373958333333333 0.14091666666666666
33 0.36943229166666663 0.8596018518518519 0.08692708333333334 0.15453703703703706
4 0.3950208333333334 0.6524537037037037 0.08128125 0.16212962962962962
11 0.3063177083333333 0.7342037037037038 0.08966145833333333 0.15857407407407406
20 0.20025520833333335 0.8052314814814815 0.08639583333333332 0.15391666666666665
30 0.154046875 0.5993148148148149 0.08446875000000001 0.15871296296296297
32 0.21139583333333334 0.4774722222222222 0.08234895833333335 0.1156574074074074
27 0.30870833333333336 0.5238888888888888 0.086015625 0.1444074074074074
10 0.32553125 0.37439814814814815 0.08980208333333332 0.15894444444444444
9 0.41235937500000003 0.27569444444444446 0.09349479166666666 0.1353888888888889
29 0.48794791666666665 0.1221111111111111 0.08555208333333333 0.15505555555555556
26 0.378421875 0.08711111111111111 0.09008854166666666 0.15514814814814815
2 0.2800989583333333 0.15969444444444444 0.09125520833333334 0.16185185185185186
34 0.17352083333333335 0.18840740740740738 0.07222916666666666 0.17375000000000002
25 0.21156770833333333 0.33912037037037035 0.08640104166666666 0.14260185185185184