25 0.18233854166666666 0.1918888888888889 0.08794270833333333 0.15467592592592594
26 0.2984791666666667 0.12935185185185183 0.09188541666666666 0.16077777777777777
5 0.43822916666666667 0.09593518518518518 0.08960416666666667 0.16196296296296295
28 0.5254947916666667 0.11441666666666667 0.07344791666666667 0.15250925925925926
16 0.6377552083333333 0.12289814814814815 0.08602083333333334 0.15812962962962962
15 0.7748385416666667 0.08875 0.07901041666666667 0.16757407407407407
10 0.8513854166666667 0.13045370370370368 0.08605208333333333 0.15812962962962962
29 0.7749635416666667 0.3701851851851852 0.07196875 0.14042592592592593
8 0.9499947916666667 0.42036111111111113 0.089234375 0.1597962962962963
1 0.8392447916666667 0.5164537037037037 0.089640625 0.15763888888888888
6 0.93434375 0.623925925925926 0.08404166666666667 0.12751851851851853
9 0.8118385416666667 0.7200185185185185 0.09349479166666666 0.1399351851851852
14 0.9362135416666667 0.83275 0.087171875 0.15812037037037038
19 0.7292604166666667 0.8896759259259259 0.08532291666666666 0.1612962962962963
12 0.6395052083333332 0.8823240740740741 0.09089062499999999 0.14705555555555555
24 0.6576979166666667 0.6833425925925926 0.082015625 0.1632962962962963
3 0.7023958333333333 0.5464629629629629 0.090828125 0.1579074074074074
7 0.617546875 0.2841111111111111 0.09047916666666667 0.1615925925925926
31 0.4320364583333333 0.27162962962962967 0.08499479166666667 0.15324074074074073
17 0.4978385416666667 0.333212962962963 0.08697395833333334 0.15546296296296297
2 0.30003124999999997 0.2930925925925926 0.076171875 0.17228703703703704
27 0.17448958333333334 0.3393888888888889 0.08902604166666667 0.15743518518518518
13 0.18125 0.47886111111111107 0.0826875 0.12287962962962963
32 0.32178645833333336 0.453212962962963 0.084640625 0.14944444444444446
21 0.418921875 0.49687037037037035 0.07073958333333333 0.14747222222222223
22 0.5225729166666667 0.5079259259259259 0.07366145833333333 0.1685462962962963
0 0.5936979166666667 0.5134074074074074 0.075765625 0.15458333333333332
4 0.5010260416666666 0.6856851851851852 0.09071354166666666 0.1441111111111111
33 0.49203125000000003 0.8490185185185186 0.08849479166666667 0.14741666666666667
23 0.4001041666666667 0.6886111111111112 0.08523958333333333 0.15062962962962964
11 0.3664270833333333 0.8642037037037037 0.08341666666666667 0.13677777777777778
30 0.278484375 0.6448518518518519 0.082421875 0.16366666666666665
18 0.192796875 0.6229537037037036 0.07658333333333332 0.16657407407407407
20 0.15586458333333333 0.7691203703703704 0.08972916666666667 0.1604537037037037
34 0.28291145833333337 0.8085833333333333 0.07667708333333333 0.16828703703703704