28 0.9005989583333334 0.5171388888888889 0.08257291666666666 0.14996296296296296
0 0.7753072916666667 0.8069074074074074 0.08935937499999999 0.15118518518518517
8 0.149578125 0.7727592592592593 0.08920833333333333 0.15951851851851853
9 0.5027135416666667 0.5388240740740741 0.090359375 0.14232407407407408
10 0.30736979166666667 0.38641666666666663 0.09141666666666667 0.1473611111111111
3 0.8017291666666666 0.45 0.07311979166666666 0.1691574074074074
1 0.5688593750000001 0.1800462962962963 0.07191145833333333 0.17019444444444445
2 0.22416666666666665 0.24379629629629632 0.07268229166666668 0.1770462962962963
25 0.21723437499999998 0.429962962962963 0.08382291666666666 0.13487962962962963
26 0.319921875 0.18986111111111112 0.07344791666666667 0.17508333333333334
23 0.22316666666666668 0.6812314814814815 0.09080729166666666 0.15940740740740741
21 0.396671875 0.5158796296296296 0.08655729166666666 0.13558333333333333
11 0.2883020833333333 0.8137037037037037 0.08599479166666667 0.14677777777777778
33 0.29758854166666665 0.5586111111111111 0.08658333333333333 0.1532222222222222
16 0.7157812499999999 0.5436296296296297 0.07291666666666667 0.16725925925925925
18 0.49540104166666665 0.6737314814814814 0.08509895833333332 0.15255555555555556
24 0.6974374999999999 0.7167777777777777 0.07659895833333333 0.16971296296296295
14 0.8215989583333333 0.636287037037037 0.0824375 0.16046296296296297
32 0.12420833333333332 0.5675740740740741 0.08454687500000001 0.15763888888888888
13 0.5611458333333333 0.8417407407407408 0.08702604166666666 0.1456111111111111
20 0.49185416666666665 0.20194444444444443 0.07530208333333334 0.1663425925925926
5 0.7267656250000001 0.29126851851851854 0.08452604166666666 0.16395370370370368
29 0.4149583333333334 0.15330555555555556 0.07905729166666667 0.12814814814814815
30 0.40714062500000003 0.7574629629629629 0.09245833333333334 0.1413333333333333
22 0.629203125 0.4190185185185185 0.09402083333333335 0.13833333333333334
17 0.6405052083333334 0.27997222222222223 0.08544791666666667 0.15866666666666668
27 0.40044270833333334 0.33160185185185187 0.081796875 0.15232407407407406
19 0.890921875 0.12275925925925928 0.08915104166666667 0.15893518518518518
6 0.8118229166666667 0.2864351851851852 0.08640625 0.15560185185185185
15 0.9122760416666666 0.31174074074074076 0.07122395833333334 0.17399074074074075
31 0.7856093749999999 0.12714814814814815 0.07981770833333333 0.13107407407407407
34 0.1391875 0.35615740740740737 0.07022916666666666 0.1735
7 0.5174166666666667 0.3695 0.08371875000000001 0.15528703703703706
4 0.601125 0.7082499999999999 0.09433854166666666 0.13525925925925927
12 0.8832708333333333 0.856287037037037 0.07036458333333333 0.1668425925925926