28 0.878 0.834212962962963 0.08680729166666666 0.13446296296296295
0 0.8070052083333333 0.7843055555555555 0.08540624999999999 0.15785185185185185
25 0.9037031249999999 0.6695925925925925 0.08021875 0.1285740740740741
9 0.8008020833333334 0.6098240740740741 0.094984375 0.13598148148148148
3 0.8222395833333334 0.4308425925925926 0.091703125 0.14944444444444446
15 0.926390625 0.4151759259259259 0.08845833333333333 0.16135185185185183
6 0.8285677083333333 0.2665648148148148 0.0701875 0.14976851851851852
19 0.9163177083333333 0.14667592592592593 0.090578125 0.16216666666666665
26 0.8121458333333333 0.13120370370370368 0.097453125 0.12983333333333333
5 0.738171875 0.2790277777777778 0.07085416666666666 0.17056481481481484
17 0.6382135416666667 0.2518425925925926 0.07592708333333334 0.1735648148148148
16 0.7200208333333333 0.44769444444444445 0.08804166666666666 0.15895370370370368
27 0.6198385416666666 0.47772222222222227 0.08293750000000001 0.13271296296296298
10 0.691765625 0.6385462962962963 0.09107291666666667 0.15996296296296295
33 0.5780677083333334 0.6988055555555556 0.07972916666666667 0.16285185185185186
24 0.6264739583333333 0.8533703703703703 0.0815625 0.1650462962962963
18 0.5315208333333333 0.8092685185185186 0.08685416666666666 0.15803703703703703
30 0.426375 0.8359444444444445 0.07688020833333334 0.1700462962962963
31 0.34271875 0.7690925925925925 0.08895833333333333 0.15977777777777777
23 0.2633125 0.7804814814814814 0.090640625 0.15875925925925927
2 0.18874479166666666 0.6624537037037037 0.09060416666666667 0.15963888888888889
32 0.26090625 0.5729074074074074 0.078640625 0.15658333333333335
12 0.20891145833333333 0.43537037037037035 0.08911979166666667 0.1557037037037037
13 0.2899583333333334 0.3779074074074074 0.08559895833333334 0.15644444444444444
20 0.3413072916666666 0.5310462962962963 0.07290104166666667 0.1655462962962963
21 0.43629166666666663 0.637925925925926 0.08708333333333333 0.13802777777777778
8 0.5195416666666667 0.5811666666666666 0.08307291666666666 0.15977777777777777
7 0.5239583333333333 0.4268240740740741 0.09351041666666667 0.1272685185185185
22 0.55790625 0.25651851851851853 0.07951562499999999 0.1688148148148148
1 0.49700520833333334 0.14925925925925926 0.08968229166666666 0.16175925925925924
29 0.40603645833333335 0.1689074074074074 0.07788020833333334 0.1530462962962963
4 0.361375 0.3238055555555555 0.09125520833333334 0.14978703703703705
34 0.41619791666666667 0.43796296296296294 0.08872395833333332 0.15841666666666668
11 0.2737239583333333 0.11910185185185185 0.090625 0.16214814814814815
14 0.214125 0.23198148148148148 0.084484375 0.1617222222222222