14 0.22250520833333332 0.25349999999999995 0.09009895833333334 0.15888888888888889
11 0.323875 0.18362962962962961 0.08934895833333334 0.1612777777777778
29 0.407828125 0.1972037037037037 0.08386458333333334 0.1547314814814815
1 0.5052760416666666 0.28660185185185183 0.071640625 0.1683425925925926
22 0.5803177083333334 0.3193888888888889 0.07169791666666667 0.17162037037037037
17 0.6460364583333333 0.27012962962962966 0.08347916666666667 0.1653888888888889
26 0.7154427083333333 0.2553240740740741 0.08680208333333334 0.1588425925925926
19 0.7849947916666667 0.18912962962962962 0.069125 0.1753148148148148
8 0.8752291666666667 0.1409537037037037 0.07231770833333333 0.1751296296296296
6 0.8600416666666667 0.2918888888888889 0.089703125 0.1590648148148148
3 0.8240833333333334 0.4343796296296296 0.09097916666666667 0.16072222222222224
5 0.7250729166666667 0.42208333333333337 0.09619270833333333 0.12783333333333333
16 0.7268385416666666 0.5484907407407408 0.09349479166666666 0.1411574074074074
9 0.805234375 0.6187222222222223 0.089109375 0.15287962962962964
25 0.9164791666666667 0.6635555555555556 0.08474479166666667 0.15255555555555556
0 0.79496875 0.7737685185185185 0.08414583333333334 0.15519444444444447
28 0.881546875 0.8708055555555556 0.08417187500000001 0.15914814814814815
10 0.68015625 0.7658333333333334 0.08267187499999999 0.16608333333333333
12 0.18782812499999998 0.43749074074074074 0.08771354166666666 0.15550925925925924
13 0.28284895833333334 0.3945370370370371 0.08386979166666667 0.15625
4 0.36496354166666667 0.365 0.075796875 0.16732407407407407
34 0.4325104166666666 0.4644814814814815 0.069640625 0.17202777777777778
7 0.5192135416666667 0.4667685185185185 0.08809375 0.1489074074074074
27 0.6029479166666667 0.4843796296296296 0.079578125 0.12783333333333333
33 0.5912031249999999 0.6742777777777778 0.08620312499999999 0.15371296296296297
24 0.6050364583333334 0.8507314814814815 0.066421875 0.17346296296296296
32 0.26553645833333334 0.5716759259259259 0.078578125 0.15477777777777776
20 0.3490729166666667 0.5428611111111111 0.08160416666666667 0.1612777777777778
21 0.419921875 0.6375740740740741 0.08391666666666667 0.15689814814814815
15 0.5076510416666667 0.6457685185185185 0.08832812500000001 0.1562037037037037
18 0.4979166666666667 0.8317962962962964 0.08728645833333333 0.15541666666666668
2 0.20311458333333335 0.6659537037037038 0.0765 0.17166666666666666
23 0.22331770833333334 0.8510833333333333 0.088875 0.15799999999999997
31 0.3299947916666667 0.7775092592592593 0.08991145833333333 0.15989814814814815
30 0.41525 0.85025 0.065484375 0.17433333333333334