0 0.775171875 0.8060092592592593 0.08860416666666666 0.15056481481481482
28 0.9103125 0.5161018518518519 0.08165625 0.15012037037037038
10 0.3080572916666667 0.40953703703703703 0.09379166666666668 0.14468518518518517
9 0.5072135416666667 0.5208703703703703 0.08583333333333334 0.15089814814814814
8 0.21101562499999998 0.7643148148148149 0.09021354166666667 0.16028703703703706
2 0.23023437500000002 0.2375833333333333 0.07088020833333333 0.1766111111111111
1 0.5584322916666667 0.18243518518518517 0.08794791666666667 0.1614722222222222
3 0.8101354166666667 0.4876851851851852 0.09138020833333332 0.16010185185185186
26 0.30393749999999997 0.13191666666666665 0.09063541666666668 0.15325925925925926
25 0.21584375 0.43275 0.08367708333333333 0.13581481481481483
23 0.15905729166666666 0.17375925925925925 0.08371875000000001 0.14037962962962963
21 0.408265625 0.4582407407407407 0.08349479166666667 0.14781481481481482
33 0.29904166666666665 0.5707407407407408 0.08926041666666666 0.15839814814814815
11 0.3109322916666667 0.7755925925925926 0.08175 0.13044444444444445
16 0.718515625 0.5136388888888889 0.08975520833333334 0.15627777777777777
18 0.49530729166666665 0.6726018518518518 0.08574479166666667 0.15356481481481482
24 0.7050885416666667 0.6683425925925925 0.06693750000000001 0.17292592592592593
14 0.8418645833333334 0.6312037037037037 0.0875 0.15978703703703703
32 0.12385937500000001 0.5687222222222222 0.08456250000000001 0.15869444444444444
13 0.5403645833333334 0.8307222222222221 0.08782291666666667 0.1598240740740741
20 0.46992708333333333 0.2522962962962963 0.071484375 0.16848148148148148
5 0.7237656250000001 0.27897222222222223 0.09532291666666667 0.13678703703703704
29 0.41828125 0.1225925925925926 0.083859375 0.14220370370370372
30 0.42623958333333334 0.8125925925925926 0.08228125 0.16178703703703703
22 0.6408541666666667 0.38230555555555557 0.09404166666666666 0.1413611111111111
17 0.63934375 0.1309537037037037 0.08582812499999999 0.1632962962962963
27 0.3745 0.28008333333333335 0.08067187499999999 0.15264814814814817
19 0.386078125 0.6182777777777778 0.087546875 0.15606481481481482
6 0.8132864583333334 0.32287037037037036 0.08777083333333334 0.14296296296296296
15 0.9120989583333333 0.3115925925925926 0.07046875000000001 0.17292592592592593
31 0.7844374999999999 0.12207407407407407 0.08566666666666665 0.15456481481481482
34 0.13932291666666666 0.35612962962962963 0.07016666666666667 0.17276851851851852
7 0.5404895833333333 0.33867592592592594 0.08856770833333334 0.15894444444444444
4 0.6108333333333333 0.6922407407407407 0.09177083333333333 0.14412037037037037
12 0.9074843749999999 0.825462962962963 0.08765625 0.1545925925925926