0 0.7843229166666668 0.684 0.08459895833333334 0.1544537037037037
11 0.18743229166666667 0.10769444444444444 0.08227083333333333 0.1346388888888889
22 0.6211302083333333 0.4539814814814815 0.0959375 0.12563888888888888
29 0.6783697916666667 0.31617592592592597 0.08641666666666666 0.15180555555555555
30 0.18414583333333334 0.8074259259259259 0.07009375000000001 0.17303703703703704
31 0.4126875 0.12703703703703703 0.08496875 0.14825925925925926
32 0.35775 0.6038611111111111 0.08400520833333333 0.13427777777777777
33 0.39080729166666667 0.8683333333333333 0.07483854166666666 0.16662962962962963
34 0.29808333333333337 0.9105833333333333 0.09856770833333334 0.12265740740740741
1 0.7400520833333334 0.47285185185185186 0.085515625 0.15918518518518518
2 0.2614375 0.20847222222222223 0.08202604166666667 0.16754629629629628
3 0.8364010416666667 0.7978148148148148 0.08332291666666666 0.15751851851851853
4 0.41003125 0.7158240740740741 0.07095833333333333 0.17124074074074075
5 0.4075833333333333 0.2645 0.08610416666666666 0.15475
6 0.9046041666666667 0.645 0.08745312499999999 0.15580555555555556
7 0.7733489583333333 0.23655555555555555 0.089078125 0.1546111111111111
8 0.9453385416666666 0.39563888888888893 0.08909375 0.16267592592592592
9 0.632328125 0.6161481481481482 0.089375 0.15605555555555556
10 0.3237864583333333 0.352925925925926 0.075515625 0.17080555555555554
12 0.7056510416666666 0.9000092592592592 0.09414583333333333 0.13453703703703704
13 0.16177604166666668 0.6463703703703704 0.06988541666666667 0.14842592592592593
14 0.9376718749999999 0.8231111111111111 0.07084375000000001 0.16571296296296295
15 0.8926093749999999 0.12928703703703703 0.07878125 0.1672685185185185
16 0.5946041666666667 0.2492685185185185 0.07480208333333334 0.16791666666666666
17 0.5181302083333333 0.3661574074074074 0.08769270833333334 0.15787962962962962
18 0.21444270833333334 0.45142592592592595 0.09038020833333334 0.16091666666666665
19 0.5284791666666666 0.8227962962962962 0.087171875 0.1607685185185185
20 0.2672083333333333 0.7015740740740741 0.09100520833333332 0.15841666666666668
21 0.3914270833333333 0.4419351851851852 0.08317708333333333 0.12069444444444444
23 0.49217187500000004 0.6315462962962963 0.08592708333333333 0.15009259259259258
24 0.6564218749999999 0.7744629629629629 0.08064062500000001 0.16451851851851854
25 0.18908333333333335 0.31774074074074077 0.09032812500000001 0.16221296296296295
26 0.5173541666666667 0.14042592592592593 0.08978645833333333 0.1637037037037037
27 0.28678125 0.5166851851851851 0.08544791666666667 0.14172222222222222
28 0.6720885416666668 0.12714814814814815 0.08511979166666667 0.13997222222222222