34 0.13434895833333332 0.2666481481481482 0.08376041666666666 0.15647222222222223
2 0.2044375 0.19278703703703703 0.07620833333333334 0.17175925925925925
26 0.271171875 0.1625648148148148 0.08169791666666668 0.16753703703703704
29 0.3928229166666667 0.1852962962962963 0.088296875 0.16066666666666668
20 0.4741458333333333 0.1557685185185185 0.07433333333333333 0.1669074074074074
1 0.5510937499999999 0.2441851851851852 0.078 0.16316666666666665
17 0.6555989583333334 0.23894444444444446 0.07123958333333333 0.17376851851851852
31 0.8189895833333334 0.10251851851851852 0.08367708333333333 0.1403148148148148
19 0.9080625 0.10521296296296295 0.09578645833333334 0.12145370370370369
15 0.9247760416666666 0.3353148148148148 0.09125520833333334 0.14524074074074075
6 0.8509635416666667 0.24962037037037035 0.08522395833333334 0.13223148148148148
28 0.9220624999999999 0.4774351851851852 0.08756770833333333 0.15055555555555555
3 0.8100052083333333 0.442712962962963 0.08267187499999999 0.15983333333333333
5 0.7491927083333334 0.38562962962962966 0.083703125 0.15955555555555556
22 0.6317552083333333 0.3814814814814815 0.09674999999999999 0.11764814814814815
7 0.5053802083333333 0.36721296296296296 0.0761875 0.16462037037037036
27 0.37978124999999996 0.40717592592592594 0.074171875 0.1459814814814815
10 0.30032291666666666 0.3818240740740741 0.09089583333333334 0.14871296296296296
25 0.19571875 0.42186111111111113 0.083265625 0.1504722222222222
32 0.136421875 0.5085092592592593 0.08828645833333333 0.15251851851851853
33 0.26863020833333334 0.6118425925925925 0.07290624999999999 0.16630555555555557
21 0.38438541666666665 0.6055185185185186 0.07586458333333333 0.15364814814814814
9 0.5034635416666666 0.575037037037037 0.08468229166666667 0.15385185185185185
16 0.715328125 0.5705462962962964 0.07583333333333334 0.16510185185185186
14 0.82265625 0.6918703703703704 0.07499479166666667 0.16566666666666666
24 0.7195104166666667 0.7152777777777778 0.08973958333333334 0.1565277777777778
4 0.60728125 0.6886388888888889 0.08710416666666668 0.1504814814814815
18 0.502140625 0.7169351851851852 0.08813020833333333 0.15857407407407406
30 0.3895104166666667 0.7496203703703704 0.08769791666666667 0.15224074074074073
23 0.21788020833333333 0.7274074074074074 0.08171875 0.13016666666666668
8 0.14721875 0.7866666666666667 0.07286979166666667 0.16967592592592592
11 0.2659166666666667 0.8581203703703704 0.09002083333333334 0.15975925925925924
13 0.5739479166666667 0.9096481481481481 0.08797395833333334 0.15905555555555556
0 0.8018802083333333 0.8387222222222223 0.071796875 0.15260185185185185
12 0.86915625 0.8557037037037036 0.07586458333333333 0.16546296296296295