28 0.8992604166666667 0.46174074074074073 0.08000520833333334 0.14991666666666667
0 0.7903802083333333 0.7849814814814815 0.08728125 0.14453703703703702
8 0.21417708333333335 0.7392962962962963 0.082375 0.16473148148148148
9 0.5151249999999999 0.5233888888888889 0.07908333333333334 0.16221296296296295
10 0.30584375 0.4131388888888889 0.0985 0.12508333333333332
2 0.2400625 0.2545 0.08597916666666668 0.15970370370370368
1 0.5576041666666666 0.17712037037037037 0.07383333333333333 0.1695925925925926
3 0.7954635416666667 0.4608055555555556 0.0881875 0.15478703703703703
25 0.21053645833333334 0.4441574074074074 0.08088020833333333 0.12855555555555556
26 0.30795833333333333 0.11364814814814814 0.09853645833333333 0.12293518518518519
23 0.16236979166666668 0.16520370370370369 0.08127604166666667 0.13023148148148148
21 0.40819791666666666 0.4579166666666667 0.08328645833333333 0.1473611111111111
11 0.311921875 0.7941296296296296 0.0874375 0.1550462962962963
33 0.28252604166666667 0.5864074074074075 0.09555208333333334 0.13175925925925927
16 0.7053541666666666 0.5127685185185185 0.08644791666666667 0.15463888888888888
18 0.50165625 0.6882499999999999 0.091421875 0.13949074074074075
24 0.7160520833333333 0.6786296296296296 0.08920833333333333 0.15817592592592594
14 0.859328125 0.6417962962962963 0.08414583333333334 0.15824074074074074
32 0.12616666666666668 0.5503611111111111 0.06989583333333332 0.1512314814814815
13 0.5464218750000001 0.8416296296296296 0.0858125 0.13785185185185184
20 0.4703541666666667 0.25301851851851853 0.07083333333333333 0.16897222222222222
5 0.7260677083333333 0.263712962962963 0.09201041666666666 0.14535185185185184
29 0.41802083333333334 0.12254629629629629 0.084375 0.14292592592592593
30 0.42688020833333334 0.8426018518518519 0.08730208333333334 0.15318518518518517
22 0.6521458333333333 0.3762685185185185 0.06978124999999999 0.1728888888888889
17 0.6418020833333333 0.1864074074074074 0.07708333333333334 0.1751296296296296
27 0.37190625 0.28021296296296294 0.07453645833333335 0.14762962962962964
19 0.3837083333333334 0.6461296296296297 0.071046875 0.1709537037037037
6 0.8218645833333333 0.27750925925925923 0.08704166666666667 0.13599999999999998
15 0.9123645833333334 0.30162962962962964 0.070296875 0.17284259259259258
31 0.7898958333333332 0.13924074074074075 0.08218750000000001 0.15362962962962962
34 0.14505729166666667 0.3381574074074074 0.07506770833333333 0.16917592592592592
7 0.5403125000000001 0.3391944444444444 0.088140625 0.15933333333333335
4 0.620109375 0.7081851851851853 0.09405208333333334 0.13562962962962963
12 0.9101145833333334 0.8122222222222223 0.070453125 0.16698148148148148