28 0.9251354166666667 0.5098981481481482 0.08389583333333334 0.14547222222222222
15 0.9166979166666667 0.3642037037037037 0.09313020833333334 0.14032407407407407
6 0.8296250000000001 0.2650925925925926 0.08725520833333333 0.156
19 0.9199375 0.10029629629629629 0.08678645833333333 0.15715740740740738
31 0.7716302083333333 0.1350462962962963 0.09019270833333333 0.15824074074074074
17 0.6623802083333333 0.2569537037037037 0.091109375 0.15939814814814815
1 0.5727395833333334 0.2681481481481482 0.08916666666666666 0.16007407407407406
20 0.4898385416666667 0.16592592592592592 0.07961979166666668 0.1643425925925926
29 0.3961979166666667 0.18462037037037035 0.09000520833333334 0.1602037037037037
26 0.3046510416666666 0.20639814814814814 0.086609375 0.16142592592592592
2 0.22201041666666665 0.19068518518518518 0.07386458333333333 0.17724074074074073
34 0.13621875 0.3076111111111111 0.07145833333333333 0.17275925925925928
25 0.2095260416666667 0.42154629629629625 0.09126562499999999 0.15931481481481483
32 0.13635416666666667 0.5340925925925927 0.07829166666666666 0.15612962962962965
23 0.21242708333333335 0.6954351851851852 0.08377604166666666 0.13475
8 0.11818229166666666 0.78975 0.089125 0.15986111111111112
11 0.2938125 0.824 0.09057291666666667 0.16206481481481483
30 0.39676562499999996 0.7255185185185185 0.08755729166666668 0.15216666666666667
18 0.5000833333333333 0.7045 0.08476041666666667 0.15426851851851853
13 0.5812708333333333 0.8645185185185185 0.08159374999999999 0.12160185185185186
24 0.6967864583333333 0.7374351851851851 0.08756770833333333 0.15711111111111112
0 0.772765625 0.7998796296296297 0.08306770833333334 0.15058333333333332
12 0.883046875 0.8733888888888889 0.07328124999999999 0.16741666666666666
14 0.8218072916666667 0.6482685185185185 0.089796875 0.1518425925925926
5 0.75053125 0.29600925925925925 0.089546875 0.15769444444444444
3 0.8226510416666667 0.44775925925925925 0.08236458333333332 0.1619537037037037
16 0.7277968749999999 0.5192222222222223 0.09178125 0.15825
22 0.625984375 0.425462962962963 0.08777083333333334 0.15336111111111111
4 0.599 0.6922407407407407 0.08927604166666667 0.1593425925925926
9 0.4923645833333333 0.5298888888888889 0.08741666666666667 0.15680555555555556
7 0.502296875 0.3579259259259259 0.074390625 0.16712962962962963
27 0.39878125 0.3571944444444444 0.07297916666666666 0.14346296296296296
10 0.30430729166666665 0.3808888888888889 0.09334895833333333 0.14701851851851852
33 0.29896875 0.5795092592592592 0.08730208333333334 0.1524722222222222
21 0.39708854166666663 0.5372592592592592 0.08341145833333334 0.12810185185185186