25 0.175375 0.17053703703703704 0.081984375 0.15237962962962961
27 0.17647395833333332 0.3203888888888889 0.08661979166666667 0.14646296296296296
13 0.1767395833333333 0.457 0.08538020833333333 0.12693518518518518
18 0.18266145833333333 0.6382592592592593 0.07281770833333333 0.16917592592592592
20 0.15476041666666665 0.772 0.090234375 0.15975
34 0.27441666666666664 0.8059444444444444 0.08881770833333333 0.15821296296296297
30 0.2733072916666667 0.6531111111111111 0.08571354166666666 0.1547037037037037
32 0.322375 0.45291666666666663 0.08466666666666667 0.15032407407407408
2 0.300109375 0.29312962962962963 0.07564062499999999 0.17233333333333334
26 0.29844791666666665 0.12927777777777777 0.09094791666666667 0.1609722222222222
5 0.44009895833333335 0.09599074074074074 0.08915104166666667 0.1638148148148148
31 0.4279322916666667 0.27194444444444443 0.083671875 0.1425925925925926
21 0.42227604166666666 0.5090092592592593 0.06814062500000001 0.14812037037037037
23 0.39759375 0.7139166666666666 0.08023437500000001 0.1291851851851852
11 0.384390625 0.8984537037037037 0.08411979166666667 0.1416851851851852
33 0.48659375 0.8968796296296296 0.09160937499999999 0.1401111111111111
4 0.496953125 0.7123333333333334 0.09680208333333334 0.12413888888888888
22 0.5260625 0.4840555555555555 0.08491145833333333 0.1550185185185185
17 0.514671875 0.3008981481481482 0.08786458333333333 0.15719444444444444
7 0.6051562500000001 0.28119444444444447 0.09333854166666668 0.12914814814814815
28 0.52734375 0.10731481481481482 0.08702604166666666 0.14267592592592593
16 0.6248229166666667 0.11316666666666667 0.07896875 0.16819444444444445
15 0.7574739583333333 0.09768518518518518 0.07603125 0.17194444444444443
10 0.83453125 0.10464814814814814 0.074390625 0.1736388888888889
29 0.7637135416666666 0.3451203703703704 0.08695312499999999 0.15309259259259259
8 0.9443333333333332 0.41974074074074075 0.08632291666666667 0.15774074074074076
1 0.8184322916666668 0.5477962962962963 0.07902604166666666 0.16416666666666668
0 0.597171875 0.4942777777777778 0.07349479166666667 0.15275925925925926
3 0.7038958333333334 0.5872962962962963 0.09209895833333334 0.1421111111111111
24 0.658734375 0.7019351851851852 0.088859375 0.1575740740740741
12 0.6315364583333333 0.879287037037037 0.093875 0.1350462962962963
19 0.7206510416666667 0.8832314814814815 0.06960416666666666 0.17374074074074072
9 0.810171875 0.6962685185185186 0.09325 0.13862037037037037
14 0.9465885416666667 0.7803703703703704 0.09133333333333334 0.13592592592592595
6 0.950875 0.6377037037037038 0.08397916666666667 0.15381481481481482