23 0.39932812500000003 0.6881759259259259 0.07914583333333333 0.12624074074074074
30 0.309640625 0.6650092592592592 0.06885416666666666 0.1720462962962963
11 0.38991666666666663 0.8436111111111111 0.07856250000000001 0.12824074074074074
33 0.4810416666666667 0.8455555555555556 0.09276041666666666 0.13449074074074074
4 0.5060625 0.6873148148148148 0.08827604166666667 0.14858333333333335
24 0.61209375 0.6826111111111112 0.07094791666666667 0.1705185185185185
9 0.7171927083333334 0.6977777777777778 0.07428645833333333 0.1690185185185185
19 0.72965625 0.8992500000000001 0.07158854166666666 0.17283333333333334
12 0.6158072916666666 0.8588333333333333 0.09340104166666667 0.1370925925925926
14 0.82825 0.8819166666666667 0.08580208333333333 0.15293518518518517
6 0.896109375 0.6525462962962963 0.08150520833333334 0.12377777777777778
8 0.939703125 0.44719444444444445 0.076578125 0.16932407407407407
1 0.82434375 0.4525925925925926 0.07883854166666666 0.16507407407407407
3 0.7298177083333334 0.5220277777777778 0.09122395833333334 0.15922222222222224
0 0.6119479166666667 0.5099444444444444 0.0683125 0.14652777777777778
22 0.5182916666666667 0.5027129629629629 0.066078125 0.17175925925925925
21 0.43116145833333336 0.5157592592592593 0.06785416666666667 0.14510185185185187
32 0.33095312499999996 0.4732222222222222 0.06771875000000001 0.1471111111111111
13 0.2165 0.4728888888888889 0.07057812499999999 0.1477962962962963
18 0.21127083333333332 0.6473888888888888 0.09497395833333333 0.1317222222222222
20 0.21406770833333333 0.8097685185185185 0.09520833333333334 0.12286111111111112
34 0.299875 0.8358703703703704 0.06935937499999999 0.17347222222222222
10 0.8270416666666667 0.12436111111111112 0.06998958333333333 0.1754351851851852
15 0.736046875 0.08762962962962963 0.08089583333333333 0.1683425925925926
29 0.7573177083333333 0.3278055555555555 0.08235416666666667 0.13012962962962962
7 0.6071875 0.33258333333333334 0.08565625 0.15464814814814815
17 0.518125 0.327462962962963 0.07420833333333333 0.17123148148148148
16 0.6121614583333332 0.14107407407407407 0.07928125 0.1682685185185185
28 0.518203125 0.15751851851851853 0.08622916666666666 0.13219444444444445
5 0.437234375 0.12675925925925927 0.06875520833333333 0.1723148148148148
26 0.34419791666666666 0.11375925925925925 0.07326041666666666 0.17533333333333334
2 0.3227083333333333 0.2724722222222222 0.06952083333333332 0.17737037037037037
31 0.41767708333333337 0.3316388888888889 0.07843229166666667 0.12641666666666668
27 0.23310416666666667 0.27624074074074073 0.07284375000000001 0.1426574074074074
25 0.2326875 0.1136574074074074 0.07304166666666667 0.14532407407407405