28 0.7976770833333333 0.27109259259259255 0.07050000000000001 0.1486111111111111
0 0.7581927083333333 0.8201666666666666 0.08868229166666668 0.13832407407407407
10 0.3121875 0.41330555555555554 0.09086979166666667 0.15853703703703703
9 0.4075833333333333 0.26330555555555557 0.081890625 0.16206481481481483
8 0.9313958333333333 0.1474074074074074 0.08690104166666666 0.15824074074074074
2 0.258796875 0.1313148148148148 0.076578125 0.1752314814814815
1 0.6917604166666667 0.5349814814814815 0.07236458333333333 0.16645370370370371
3 0.8609427083333333 0.849111111111111 0.09371875 0.1318888888888889
26 0.35742708333333334 0.13045370370370368 0.075390625 0.17322222222222222
25 0.21741145833333334 0.36245370370370367 0.09080208333333334 0.15956481481481483
23 0.5248906249999999 0.5601759259259259 0.08305729166666667 0.13844444444444445
21 0.42494791666666665 0.4349722222222222 0.06651041666666667 0.14646296296296296
11 0.32636458333333335 0.78475 0.07943750000000001 0.14978703703703705
33 0.40404687499999997 0.8166574074074074 0.089796875 0.1608888888888889
16 0.6505624999999999 0.18060185185185187 0.08944791666666667 0.15058333333333332
18 0.5268958333333333 0.8351203703703703 0.07565104166666667 0.16687962962962963
24 0.6871927083333333 0.7268703703703704 0.08875000000000001 0.155
14 0.9152916666666666 0.6293611111111111 0.09261458333333333 0.12742592592592594
32 0.17429166666666665 0.49809259259259264 0.09038020833333334 0.15169444444444447
13 0.48395312500000004 0.6834074074074075 0.07436458333333333 0.15219444444444444
20 0.2287604166666667 0.7719907407407407 0.09003125000000001 0.16024074074074074
5 0.566921875 0.1662685185185185 0.08421875 0.16198148148148148
29 0.47353124999999996 0.1585925925925926 0.08214583333333333 0.13816666666666666
30 0.139328125 0.6530555555555555 0.06955208333333333 0.17198148148148149
22 0.6383125 0.34264814814814815 0.066109375 0.17401851851851852
17 0.5424687499999999 0.3379351851851852 0.07973958333333334 0.16749074074074072
27 0.29128645833333333 0.5763333333333334 0.08579166666666667 0.15093518518518517
19 0.5877760416666666 0.6992962962962963 0.08816666666666667 0.15596296296296297
6 0.9223489583333334 0.39446296296296296 0.08159374999999999 0.1231574074074074
15 0.8496614583333333 0.5110925925925927 0.08089583333333333 0.16675
31 0.746515625 0.4079259259259259 0.08188020833333334 0.15003703703703702
7 0.7297135416666667 0.10603703703703703 0.08686458333333333 0.15751851851851853
12 0.7921458333333333 0.6376481481481481 0.09543229166666665 0.13030555555555554
4 0.407015625 0.5925 0.08053125 0.16262962962962962
34 0.18677604166666667 0.23199074074074075 0.08940104166666667 0.1510925925925926