20 0.17116145833333332 0.7936388888888889 0.08214583333333333 0.1599537037037037
11 0.28563541666666664 0.7354351851851851 0.08685416666666666 0.1555
33 0.34677604166666665 0.8620833333333333 0.08852083333333334 0.1567222222222222
13 0.438625 0.8715925925925926 0.0871875 0.14453703703703702
4 0.44771354166666666 0.7563425925925926 0.09394270833333333 0.13542592592592592
19 0.5559166666666666 0.7377685185185184 0.07041666666666666 0.17194444444444443
24 0.6730885416666667 0.7343981481481481 0.09671354166666667 0.13007407407407406
12 0.7226614583333333 0.8395648148148148 0.08878645833333333 0.15823148148148147
3 0.832171875 0.8076018518518518 0.08346875 0.15975925925925924
14 0.9033489583333334 0.7677499999999999 0.08754166666666667 0.1588611111111111
6 0.92778125 0.5795833333333333 0.08428645833333334 0.15683333333333332
8 0.92159375 0.4222592592592593 0.088171875 0.15975
0 0.8077760416666667 0.6709814814814814 0.08470833333333333 0.15294444444444444
1 0.710046875 0.5313333333333333 0.08280729166666667 0.16052777777777777
28 0.7167864583333333 0.38549999999999995 0.08624479166666667 0.16046296296296297
22 0.6311979166666667 0.4123611111111111 0.087921875 0.15664814814814815
9 0.6336458333333332 0.5528055555555556 0.08941666666666667 0.15908333333333333
23 0.5154895833333334 0.606648148148148 0.08544270833333334 0.15153703703703703
21 0.4479270833333333 0.5003425925925926 0.08491666666666667 0.12610185185185185
15 0.9039270833333333 0.21632407407407406 0.077453125 0.16847222222222222
27 0.32710416666666664 0.533037037037037 0.08249479166666666 0.1309722222222222
32 0.213890625 0.4834722222222222 0.076578125 0.15069444444444444
25 0.19620312499999998 0.2683240740740741 0.07364583333333334 0.1476851851851852
34 0.16366145833333334 0.10933333333333334 0.072296875 0.17339814814814816
2 0.26940625 0.21541666666666667 0.08953645833333333 0.1631388888888889
26 0.36666145833333336 0.12537037037037038 0.09105208333333333 0.16441666666666666
5 0.417265625 0.26952777777777776 0.08696354166666667 0.15294444444444444
31 0.52478125 0.19525 0.07899479166666666 0.1295462962962963
29 0.6894010416666667 0.14732407407407408 0.08574479166666667 0.15510185185185185
7 0.8088541666666667 0.22650925925925924 0.09050520833333334 0.16058333333333333
30 0.13033854166666667 0.6074907407407407 0.088171875 0.1576574074074074
10 0.33438541666666666 0.3618148148148148 0.090546875 0.15970370370370368
17 0.5479635416666666 0.36721296296296296 0.08783854166666667 0.1575740740740741
16 0.6130416666666666 0.23280555555555557 0.09473958333333334 0.13143518518518518
18 0.38328124999999996 0.6506296296296296 0.08563541666666666 0.15298148148148147