0 0.6895885416666666 0.8834166666666667 0.089453125 0.1520277777777778
3 0.8419166666666666 0.8554444444444445 0.08870833333333333 0.1583148148148148
14 0.922703125 0.7219074074074073 0.08825520833333332 0.14906481481481482
6 0.9364635416666667 0.5430370370370371 0.07640625 0.1540925925925926
15 0.8328072916666667 0.5605555555555556 0.06866666666666667 0.17454629629629628
12 0.788015625 0.7071388888888889 0.0940625 0.13908333333333334
24 0.6664322916666666 0.7111666666666666 0.09773958333333334 0.12230555555555556
1 0.703015625 0.5690925925925926 0.09034895833333333 0.149
31 0.750109375 0.4234074074074074 0.0854375 0.14132407407407407
8 0.8854270833333333 0.37199074074074073 0.09634895833333333 0.12691666666666665
28 0.7628281250000001 0.2805277777777778 0.08848437499999999 0.1444074074074074
7 0.8065104166666667 0.10207407407407407 0.08316666666666667 0.16096296296296297
29 0.6823645833333334 0.15005555555555555 0.08428125 0.1413148148148148
5 0.5962239583333333 0.2194259259259259 0.07844270833333335 0.16475925925925924
22 0.6603177083333333 0.335 0.082203125 0.16385185185185186
34 0.16782812500000002 0.18832407407407406 0.08455208333333333 0.15835185185185185
25 0.19180729166666666 0.3395092592592593 0.08564583333333334 0.14279629629629628
27 0.30883333333333335 0.47158333333333335 0.08056250000000001 0.12792592592592592
21 0.407421875 0.5128611111111111 0.08164583333333333 0.15512962962962962
26 0.3828958333333333 0.16624074074074074 0.08358854166666667 0.16720370370370372
11 0.2944114583333333 0.678 0.07292708333333334 0.14135185185185184
33 0.30972916666666667 0.8653518518518519 0.08646354166666666 0.1563240740740741
20 0.19453645833333333 0.7792129629629629 0.08650520833333333 0.1532037037037037
30 0.14299479166666668 0.5922499999999999 0.085890625 0.1557685185185185
32 0.20203645833333334 0.49697222222222226 0.084671875 0.15311111111111111
23 0.5090989583333333 0.6138888888888889 0.08628125 0.15239814814814814
2 0.25567708333333333 0.20500000000000002 0.09047395833333334 0.161
4 0.40361979166666667 0.6886388888888889 0.09644270833333332 0.12196296296296297
9 0.47442708333333333 0.2750185185185185 0.08682291666666667 0.15107407407407408
10 0.3553020833333333 0.3176481481481481 0.08625520833333335 0.157
13 0.476296875 0.9189907407407407 0.073375 0.15274074074074076
16 0.5040052083333334 0.12845370370370368 0.08909895833333333 0.15985185185185183
17 0.550296875 0.38258333333333333 0.090765625 0.14700925925925926
18 0.48460416666666667 0.7691666666666667 0.07423958333333333 0.16652777777777777
19 0.5602447916666667 0.7389259259259259 0.07465104166666667 0.16921296296296295