28 0.7246510416666666 0.3457777777777778 0.08578124999999999 0.16010185185185186
15 0.9040260416666667 0.21666666666666667 0.07684895833333334 0.16781481481481483
7 0.808609375 0.22699074074074074 0.09021875 0.16328703703703704
8 0.921734375 0.4213796296296296 0.08758333333333333 0.15988888888888889
6 0.9305364583333334 0.5701481481481482 0.07381770833333333 0.15341666666666667
14 0.9005364583333333 0.7378055555555556 0.08738541666666667 0.15953703703703706
3 0.8237864583333334 0.8397962962962963 0.07291145833333333 0.1674537037037037
12 0.77453125 0.7231388888888889 0.08935416666666667 0.1573611111111111
0 0.71121875 0.8589629629629629 0.08394791666666666 0.15469444444444444
24 0.6612708333333334 0.7029722222222222 0.092046875 0.14570370370370372
31 0.7812291666666666 0.5735555555555556 0.072015625 0.14142592592592593
29 0.6826041666666666 0.1272685185185185 0.08565104166666666 0.15708333333333332
5 0.6332656249999999 0.24860185185185185 0.08402083333333334 0.16090740740740742
22 0.640109375 0.3997037037037037 0.091765625 0.14676851851851852
16 0.6641510416666667 0.5458796296296295 0.09317708333333334 0.1400925925925926
17 0.5560104166666666 0.36526851851851855 0.08920833333333333 0.15974074074074074
9 0.47268229166666664 0.2714444444444445 0.09354166666666666 0.13269444444444445
1 0.5048072916666667 0.13585185185185186 0.08930729166666666 0.16167592592592595
26 0.417328125 0.16596296296296298 0.08199479166666666 0.16630555555555557
34 0.1905625 0.13271296296296298 0.08796875 0.15812962962962962
2 0.27377083333333335 0.19906481481481483 0.088953125 0.15666666666666665
25 0.19552604166666668 0.27241666666666664 0.07299479166666667 0.14391666666666666
10 0.33414062499999997 0.36126851851851854 0.089984375 0.15933333333333335
21 0.4183125 0.5023425925925926 0.08422916666666666 0.1575925925925926
23 0.4813958333333333 0.5729814814814815 0.08530208333333333 0.15121296296296297
18 0.38997916666666665 0.6444166666666666 0.08634895833333332 0.1509537037037037
19 0.5547135416666666 0.7214444444444444 0.08779166666666667 0.15619444444444444
13 0.50415625 0.8669074074074073 0.0870625 0.1523611111111111
4 0.43809895833333334 0.7751111111111111 0.08705729166666668 0.1534537037037037
33 0.3324635416666667 0.8676388888888888 0.07967708333333333 0.16412037037037036
11 0.282265625 0.7252962962962963 0.09037500000000001 0.16123148148148148
20 0.19368229166666667 0.7800462962962963 0.08722395833333334 0.15307407407407406
30 0.17654687500000002 0.6069537037037037 0.07436979166666666 0.17060185185185187
32 0.23502604166666666 0.4672962962962963 0.085421875 0.15963888888888889
27 0.3117604166666667 0.5032407407407408 0.08606770833333334 0.15278703703703703