0 0.7498541666666667 0.8417222222222221 0.087875 0.1448611111111111
28 0.7814010416666667 0.39233333333333337 0.07959374999999999 0.1575462962962963
8 0.5382395833333333 0.12811111111111112 0.06916145833333333 0.17577777777777778
9 0.39700520833333336 0.32139814814814816 0.07736458333333333 0.16492592592592592
10 0.325765625 0.4128425925925926 0.09059895833333333 0.14691666666666667
1 0.7176822916666666 0.5351574074074075 0.08693229166666666 0.15542592592592594
3 0.8169375 0.6643703703703704 0.07266666666666667 0.1698148148148148
2 0.2593697916666667 0.1986111111111111 0.08953645833333333 0.16190740740740742
26 0.361453125 0.13271296296296298 0.07158854166666666 0.17749074074074073
25 0.23820833333333333 0.4218240740740741 0.08664583333333334 0.1522962962962963
21 0.4160364583333333 0.4590462962962963 0.07848958333333332 0.1491851851851852
23 0.5243125 0.5435833333333334 0.07675520833333334 0.14752777777777779
33 0.39406250000000004 0.8208796296296296 0.09111979166666666 0.14119444444444446
11 0.29569270833333333 0.812212962962963 0.08692708333333334 0.15328703703703705
16 0.6227395833333333 0.18566666666666667 0.07336458333333334 0.16883333333333334
18 0.47666145833333334 0.6863425925925926 0.09194270833333333 0.13675925925925925
24 0.6787500000000001 0.7261296296296297 0.074515625 0.171
14 0.92509375 0.6230833333333333 0.08535937499999999 0.15269444444444444
32 0.15590104166666666 0.4377407407407407 0.08109374999999999 0.1555925925925926
13 0.509296875 0.8506388888888889 0.087125 0.14781481481481482
20 0.20839583333333334 0.7691944444444445 0.08680208333333334 0.15435185185185185
5 0.7223177083333333 0.2925185185185185 0.07836979166666666 0.16592592592592592
29 0.44622395833333334 0.16380555555555557 0.08590625 0.15433333333333335
30 0.14386458333333335 0.6220092592592592 0.06535416666666667 0.1733425925925926
22 0.6245416666666667 0.38837037037037037 0.07352083333333333 0.17111111111111113
17 0.7269895833333333 0.11749074074074074 0.09892708333333333 0.12792592592592592
27 0.293796875 0.585962962962963 0.08875000000000001 0.15648148148148147
19 0.395796875 0.6084166666666667 0.08496354166666667 0.1574814814814815
6 0.9028541666666666 0.3262407407407407 0.073453125 0.1541851851851852
15 0.8559270833333333 0.4911111111111111 0.08878645833333333 0.15137962962962964
31 0.8125 0.22110185185185185 0.085203125 0.14393518518518517
34 0.15090104166666668 0.21666666666666667 0.07109895833333332 0.17387962962962963
7 0.524015625 0.33294444444444443 0.0885625 0.14807407407407405
4 0.5823333333333333 0.6977037037037037 0.08028645833333334 0.16183333333333333
12 0.9018229166666667 0.848287037037037 0.07060416666666666 0.1662685185185185