30 0.44303125 0.1874259259259259 0.12372916666666667 0.16807407407407407
31 0.61371875 0.16828703703703704 0.11602604166666668 0.20799074074074073
33 0.8153229166666667 0.38049074074074074 0.08859375 0.2167962962962963
1 0.6946718749999999 0.39322222222222225 0.11515104166666666 0.2018611111111111
22 0.5604479166666666 0.4184722222222222 0.105984375 0.20678703703703705
7 0.433625 0.39999074074074076 0.09299479166666667 0.2146574074074074
6 0.28771354166666663 0.3949907407407407 0.11090104166666667 0.20098148148148148
8 0.2885989583333333 0.6364074074074074 0.11184375 0.20671296296296296
2 0.41364062500000004 0.6377685185185185 0.10927083333333334 0.2028148148148148
34 0.5550260416666667 0.6340833333333333 0.124078125 0.1563425925925926
0 0.7003958333333333 0.6343055555555556 0.10965104166666667 0.20487037037037037
11 0.81421875 0.6000462962962962 0.09514062499999999 0.18707407407407406
5 0.8320624999999999 0.8518055555555556 0.113703125 0.20376851851851852
29 0.707453125 0.8728611111111112 0.1035 0.16796296296296298
3 0.5829010416666667 0.8627592592592592 0.11243229166666667 0.2028888888888889
4 0.45884895833333333 0.875212962962963 0.1145 0.20942592592592593
32 0.301609375 0.8708055555555556 0.11718229166666667 0.19546296296296295