30 0.46964062500000003 0.19773148148148148 0.12505208333333334 0.1512962962962963
31 0.653375 0.18567592592592594 0.10134375000000001 0.16602777777777777
33 0.8310729166666667 0.39239814814814816 0.12162500000000001 0.15664814814814815
1 0.7072552083333333 0.4118981481481482 0.09780729166666666 0.21439814814814817
22 0.5815989583333334 0.4026296296296296 0.08928645833333333 0.22107407407407406
7 0.4422916666666667 0.40412037037037035 0.12105208333333332 0.1633888888888889
6 0.31204166666666666 0.3877037037037037 0.11033333333333334 0.16192592592592592
8 0.3084322916666667 0.6233055555555556 0.1010625 0.2190925925925926
2 0.44989583333333333 0.6362685185185185 0.12471354166666666 0.1651388888888889
34 0.575921875 0.6385092592592593 0.09523958333333334 0.21873148148148147
0 0.707390625 0.6626481481481481 0.10633333333333334 0.14975925925925926
11 0.8426718750000001 0.6269629629629629 0.10195833333333333 0.16486111111111112
5 0.8453541666666666 0.8447592592592593 0.0891875 0.21718518518518518
29 0.7354895833333334 0.8584537037037037 0.09492708333333333 0.1874259259259259
3 0.5916302083333334 0.8625925925925926 0.12171354166666666 0.1656574074074074
4 0.45432812499999997 0.850175925925926 0.12533333333333332 0.1642685185185185
32 0.322796875 0.869 0.10753645833333333 0.15357407407407409