0 0.6157135416666667 0.29571296296296296 0.10660937499999999 0.15910185185185186
11 0.75990625 0.22970370370370372 0.10115104166666668 0.19300925925925924
32 0.47716145833333334 0.329212962962963 0.10774479166666667 0.15544444444444444
22 0.41028125 0.8277129629629629 0.12616666666666668 0.15321296296296297
29 0.7785416666666667 0.45232407407407405 0.09923958333333333 0.1913611111111111
30 0.25191145833333334 0.637962962962963 0.12567708333333333 0.16694444444444445
31 0.5330729166666667 0.5521111111111111 0.09217708333333333 0.18414814814814814
33 0.5658072916666667 0.1295185185185185 0.121484375 0.15962962962962962
34 0.5502135416666667 0.7986944444444445 0.08890624999999999 0.2265185185185185
1 0.3979010416666667 0.6004166666666667 0.12194791666666666 0.16720370370370372
2 0.21510416666666668 0.3995462962962963 0.116296875 0.20906481481481481
3 0.6438385416666667 0.5133703703703704 0.107171875 0.2046574074074074
4 0.6801770833333334 0.7698333333333333 0.120125 0.18822222222222224
5 0.8041822916666667 0.7008703703703704 0.091921875 0.2177037037037037
6 0.26489583333333333 0.8583425925925926 0.11561979166666667 0.20646296296296296
7 0.3468177083333333 0.36960185185185185 0.105703125 0.20669444444444443
8 0.38976041666666666 0.1522777777777778 0.12642708333333333 0.1602037037037037