30 0.4426979166666667 0.1874074074074074 0.12330208333333334 0.16824074074074072
31 0.6135520833333333 0.16803703703703704 0.11545312499999999 0.20689814814814814
33 0.81571875 0.38028703703703703 0.08905208333333332 0.21601851851851853
1 0.6951406250000001 0.3935740740740741 0.11541145833333334 0.20216666666666666
22 0.5605208333333334 0.41812037037037036 0.10565104166666667 0.20654629629629628
7 0.43389062500000003 0.4001944444444444 0.09311458333333333 0.2145462962962963
6 0.2876041666666667 0.39490740740740743 0.11111458333333334 0.2013888888888889
8 0.2886197916666667 0.6364814814814814 0.11120833333333334 0.20725000000000002
2 0.413546875 0.637898148148148 0.10950520833333334 0.20405555555555555
34 0.5551406249999999 0.6339814814814815 0.12421354166666668 0.15545370370370368
0 0.7004374999999999 0.634462962962963 0.10906770833333333 0.20491666666666666
11 0.8141927083333333 0.5994907407407408 0.0951875 0.18744444444444444
5 0.831921875 0.8515277777777778 0.11274999999999999 0.20303703703703704
29 0.7076041666666666 0.8729814814814816 0.10405729166666666 0.16853703703703704
3 0.5825 0.8634814814814814 0.11294791666666668 0.20233333333333334
4 0.4591458333333333 0.875175925925926 0.11459895833333333 0.20851851851851852
32 0.3012447916666667 0.8705277777777778 0.11614583333333334 0.19544444444444445