30 0.469671875 0.19750925925925927 0.12497916666666667 0.15124074074074073
31 0.6533489583333334 0.1855277777777778 0.102078125 0.16506481481481483
33 0.8309947916666667 0.39275 0.12171354166666666 0.1565925925925926
1 0.706984375 0.41210185185185183 0.09772916666666666 0.21474074074074073
22 0.5814791666666667 0.40237962962962964 0.08886458333333333 0.22145370370370368
7 0.4423125 0.40382407407407406 0.12106770833333333 0.16424999999999998
6 0.31189583333333337 0.3872777777777778 0.110484375 0.16212962962962962
8 0.3087135416666667 0.6232037037037037 0.10118229166666667 0.21989814814814815
2 0.4499791666666667 0.6362685185185185 0.124875 0.16474074074074072
34 0.57584375 0.6384074074074074 0.09548437500000001 0.21849074074074074
0 0.7073385416666667 0.66275 0.10678645833333333 0.1495462962962963
11 0.8426822916666666 0.6265555555555555 0.10192708333333332 0.16580555555555554
5 0.8452500000000001 0.8446296296296296 0.089171875 0.21672222222222223
29 0.7354322916666667 0.8577685185185185 0.09578125 0.18857407407407406
3 0.5914947916666667 0.8622222222222222 0.122015625 0.16637962962962963
4 0.4541822916666666 0.8498518518518519 0.12571354166666668 0.1635462962962963
32 0.32269270833333336 0.8692222222222222 0.10751041666666666 0.15421296296296297