32 0.24175520833333333 0.24352777777777776 0.113640625 0.18524074074074073
1 0.41018229166666664 0.15058333333333332 0.12109895833333333 0.17419444444444443
22 0.59221875 0.1557037037037037 0.12371354166666666 0.1641574074074074
0 0.7532031250000001 0.14318518518518517 0.09918229166666667 0.19489814814814815
5 0.6552604166666666 0.3588981481481482 0.12178125 0.1602037037037037
11 0.4982135416666667 0.3817685185185185 0.11483333333333333 0.20147222222222222
34 0.35319791666666667 0.40656481481481477 0.115859375 0.2038148148148148
7 0.2655052083333333 0.6103518518518518 0.11478125 0.20327777777777778
30 0.408265625 0.653 0.09776041666666666 0.21801851851851853
31 0.53734375 0.6219629629629629 0.10916666666666666 0.1991203703703704
4 0.6687395833333334 0.5943518518518518 0.11672916666666668 0.2045833333333333
33 0.8039375 0.5011574074074074 0.09453645833333332 0.21585185185185185
29 0.816125 0.7802685185185185 0.11501041666666666 0.20432407407407407
3 0.6851041666666667 0.8370000000000001 0.108984375 0.207
2 0.5464895833333333 0.8647499999999999 0.11507812499999999 0.21012037037037037
6 0.4183385416666667 0.8858518518518519 0.10357291666666667 0.20587037037037037
8 0.2792604166666666 0.8558703703703704 0.10580729166666666 0.21611111111111111