6 0.13976041666666666 0.3846574074074074 0.11319270833333334 0.1885462962962963
1 0.13315104166666666 0.6438425925925926 0.09764583333333333 0.21396296296296297
30 0.15121354166666665 0.8756759259259259 0.11491145833333333 0.19273148148148148
29 0.29579687499999996 0.8576666666666667 0.104171875 0.16849074074074075
34 0.26219270833333336 0.6306296296296297 0.12074479166666667 0.18725
5 0.260484375 0.3803333333333333 0.11575520833333333 0.20125925925925928
8 0.32496875000000003 0.1621388888888889 0.125890625 0.17024074074074075
4 0.3952291666666667 0.3741851851851852 0.1125 0.20317592592592593
33 0.4014947916666667 0.6135925925925926 0.11306770833333334 0.20267592592592593
22 0.4228229166666667 0.8328518518518518 0.12519270833333335 0.16255555555555556
11 0.546484375 0.8093703703703704 0.11066145833333334 0.2010925925925926
32 0.53771875 0.5811018518518519 0.11332291666666668 0.19212037037037039
3 0.51828125 0.3628611111111111 0.095828125 0.2127037037037037
7 0.470921875 0.14699074074074073 0.11214062500000001 0.1958148148148148
2 0.6512604166666667 0.31563888888888886 0.11386458333333334 0.19950925925925925
31 0.6561510416666666 0.5317777777777778 0.10868229166666667 0.1836574074074074
0 0.6770156249999999 0.78475 0.109546875 0.20667592592592593