4 0.39400520833333336 0.21899074074074074 0.117546875 0.1923425925925926
22 0.5860625 0.2135925925925926 0.12525 0.15225
5 0.769796875 0.37430555555555556 0.08976041666666666 0.21719444444444444
3 0.623 0.41976851851851854 0.12096875 0.16669444444444445
29 0.49814583333333334 0.42764814814814817 0.0975625 0.18831481481481482
32 0.3583072916666667 0.42035185185185187 0.10765625 0.16492592592592592
11 0.22039062499999998 0.3712962962962963 0.11268750000000001 0.19739814814814816
31 0.20001041666666666 0.6384351851851852 0.10993229166666667 0.19746296296296295
34 0.33592187500000004 0.646787037037037 0.11935937499999999 0.1877962962962963
33 0.4650625 0.657712962962963 0.11712499999999999 0.18282407407407406
2 0.6215520833333333 0.6304444444444445 0.11766666666666666 0.18912037037037038
0 0.7670781249999999 0.6093425925925926 0.10410937499999999 0.2014351851851852
6 0.7803697916666666 0.8484907407407407 0.11379166666666667 0.18436111111111111
30 0.6516197916666666 0.8511296296296297 0.12042708333333334 0.1874351851851852
8 0.5016875 0.8916111111111111 0.125578125 0.1614074074074074
7 0.34515625 0.881537037037037 0.11515625 0.20722222222222222
1 0.21789583333333334 0.8779166666666667 0.09640625 0.2166759259259259