1 0.410375 0.15148148148148147 0.12115104166666667 0.17483333333333334
22 0.5741145833333333 0.12923148148148147 0.12442708333333334 0.16166666666666665
0 0.7760364583333333 0.3168055555555555 0.10560416666666667 0.15034259259259258
5 0.630390625 0.3392037037037037 0.12203645833333333 0.15898148148148147
11 0.498859375 0.39442592592592596 0.09418750000000001 0.18562037037037038
34 0.36786458333333333 0.42436111111111113 0.12531770833333333 0.16053703703703703
32 0.24934375 0.43029629629629634 0.08855729166666666 0.19133333333333333
7 0.26929166666666665 0.6514351851851852 0.12427604166666667 0.16685185185185183
30 0.40943229166666667 0.6429166666666667 0.08849479166666667 0.22158333333333333
31 0.5390416666666666 0.6204259259259258 0.10153645833333333 0.16417592592592592
4 0.669453125 0.5809814814814815 0.12453125 0.16223148148148148
33 0.7964010416666666 0.5607592592592593 0.09939062500000001 0.2130462962962963
29 0.8207864583333334 0.8374537037037038 0.092875 0.1819074074074074
3 0.6813541666666667 0.8525555555555555 0.09826041666666667 0.21712037037037038
2 0.5503645833333334 0.8546481481481482 0.08933854166666667 0.22927777777777777
6 0.43029687499999997 0.8810185185185185 0.09058854166666667 0.19394444444444445
8 0.286109375 0.8787499999999999 0.127140625 0.1597222222222222