6 0.11467187499999999 0.35790740740740745 0.11216145833333332 0.19116666666666668
1 0.13089583333333332 0.6043055555555555 0.11170833333333333 0.19552777777777777
30 0.150234375 0.8758425925925926 0.12440104166666667 0.14987037037037038
5 0.264640625 0.3700277777777778 0.092578125 0.21685185185185185
34 0.261265625 0.5949444444444444 0.11592708333333333 0.19424074074074074
29 0.29565104166666667 0.8512407407407407 0.10944270833333333 0.1827037037037037
22 0.42878645833333334 0.8408611111111111 0.11151562500000001 0.20346296296296298
33 0.397515625 0.6140925925925926 0.10918229166666667 0.1965462962962963
4 0.38759895833333335 0.3791388888888889 0.12190625000000001 0.17217592592592593
8 0.326171875 0.16024074074074074 0.12646875 0.1670925925925926
7 0.4694479166666667 0.1259537037037037 0.11647395833333334 0.18588888888888888
3 0.5255885416666667 0.3359722222222222 0.11390625 0.20366666666666666
32 0.5314427083333333 0.5924537037037038 0.11018750000000001 0.16303703703703704
11 0.542296875 0.8088240740740741 0.109609375 0.19960185185185184
2 0.6534375 0.30499074074074073 0.09648958333333332 0.21991666666666665
31 0.6651458333333333 0.535324074074074 0.10333854166666666 0.16455555555555557
0 0.6769999999999999 0.7923148148148148 0.10875520833333334 0.18386111111111111