7 0.34638020833333333 0.16036111111111112 0.12321354166666666 0.1666111111111111
3 0.31522916666666667 0.38879629629629625 0.09422395833333333 0.21762962962962962
34 0.3349114583333333 0.6235555555555556 0.10390104166666667 0.21603703703703703
11 0.21814583333333332 0.8298148148148149 0.09617708333333333 0.18910185185185185
5 0.194671875 0.6164166666666667 0.12409895833333334 0.15951851851851853
6 0.19348958333333333 0.3771388888888889 0.09023958333333333 0.19226851851851853
4 0.34365104166666666 0.8293703703703704 0.126984375 0.16575925925925927
33 0.5068020833333333 0.1226111111111111 0.12116666666666666 0.16430555555555554
22 0.4610416666666667 0.36814814814814817 0.11763541666666667 0.1855
29 0.4702708333333333 0.5895555555555556 0.09489583333333333 0.1869259259259259
1 0.49154166666666665 0.8050185185185185 0.11389583333333334 0.2069074074074074
8 0.5986458333333334 0.3353888888888889 0.11113541666666667 0.19954629629629628
0 0.6049322916666667 0.5559907407407407 0.104359375 0.14949074074074073
30 0.6223385416666667 0.7637685185185186 0.124171875 0.16408333333333333
31 0.7293593749999999 0.23819444444444443 0.10594791666666666 0.17071296296296296
32 0.756375 0.7068240740740741 0.08985416666666667 0.1953888888888889
2 0.7380416666666666 0.48060185185185184 0.10414583333333334 0.2136574074074074