1 0.2181145833333333 0.8780648148148148 0.09634374999999999 0.21675925925925926
7 0.34536979166666665 0.881824074074074 0.11545312499999999 0.20780555555555555
8 0.502140625 0.8916851851851851 0.12539583333333332 0.16315740740740742
30 0.6517864583333334 0.8507870370370371 0.120890625 0.18678703703703703
6 0.7803385416666667 0.8487314814814815 0.11291145833333333 0.18346296296296294
0 0.7676770833333334 0.6098055555555556 0.10408333333333333 0.20177777777777778
2 0.6218072916666666 0.6302592592592592 0.11729166666666666 0.1895648148148148
33 0.46525520833333334 0.6579537037037038 0.11715625 0.18314814814814817
34 0.33618750000000003 0.6474907407407408 0.11938541666666666 0.18758333333333332
31 0.20014583333333333 0.6381388888888889 0.10944791666666666 0.19741666666666668
11 0.22062500000000002 0.3712777777777778 0.11251041666666667 0.1978888888888889
32 0.35834375 0.42064814814814816 0.10841666666666666 0.1658611111111111
29 0.498265625 0.42783333333333334 0.09713541666666667 0.18973148148148147
3 0.62334375 0.4197777777777778 0.12080208333333334 0.1658611111111111
5 0.7702916666666667 0.37437037037037035 0.08915625 0.21755555555555556
22 0.586359375 0.21426851851851852 0.12485416666666667 0.15223148148148147
4 0.394078125 0.21917592592592594 0.11791666666666667 0.1917037037037037