6 0.13986979166666666 0.3844166666666667 0.11246354166666667 0.18910185185185185
1 0.13315625 0.643712962962963 0.09850520833333333 0.2139351851851852
30 0.15155208333333334 0.8762685185185185 0.11488541666666667 0.19197222222222224
29 0.296203125 0.8581296296296296 0.103875 0.16904629629629628
34 0.26248958333333333 0.6305833333333333 0.12025520833333332 0.18766666666666668
5 0.2608802083333333 0.38130555555555556 0.11542187500000001 0.20008333333333334
8 0.32480729166666666 0.1621203703703704 0.125625 0.17048148148148148
7 0.47111458333333334 0.1471759259259259 0.11185416666666666 0.19576851851851854
4 0.395453125 0.374037037037037 0.11237499999999999 0.2026851851851852
33 0.40193229166666666 0.613574074074074 0.11185416666666666 0.2026851851851852
22 0.4231979166666667 0.8319537037037037 0.12498958333333333 0.1627037037037037
11 0.5438541666666666 0.8056574074074074 0.10943750000000001 0.20012962962962963
32 0.53790625 0.5805833333333333 0.11218750000000001 0.19144444444444444
3 0.5182291666666666 0.36310185185185184 0.09541145833333334 0.21205555555555555
2 0.6515416666666667 0.31510185185185186 0.112484375 0.19958333333333333
31 0.6564218749999999 0.5320370370370371 0.10821354166666668 0.1833148148148148
0 0.6770156249999999 0.7845 0.10913541666666667 0.2055462962962963