5 0.36904687500000005 0.13690740740740742 0.12313020833333334 0.1587314814814815
0 0.5438958333333334 0.15913888888888889 0.10769791666666667 0.1564259259259259
22 0.7244166666666667 0.1565277777777778 0.08568229166666666 0.22492592592592592
2 0.8221145833333333 0.3454351851851852 0.12638020833333333 0.15967592592592592
29 0.6261770833333333 0.3587962962962963 0.09107291666666667 0.18005555555555555
4 0.4637395833333333 0.33437962962962964 0.12259375 0.1653148148148148
3 0.2960364583333333 0.33175925925925925 0.12334895833333334 0.1687962962962963
33 0.2666822916666666 0.5731944444444445 0.09263020833333332 0.2173148148148148
11 0.410953125 0.5614629629629629 0.09414583333333333 0.18671296296296297
32 0.54884375 0.5626388888888889 0.10466666666666667 0.15103703703703705
1 0.6813229166666667 0.568037037037037 0.096328125 0.21414814814814814
6 0.8165625 0.5497222222222222 0.10858333333333332 0.1622962962962963
8 0.8090104166666666 0.8221481481481481 0.09000000000000001 0.22302777777777777
30 0.6803020833333334 0.833037037037037 0.11613020833333333 0.20914814814814814
34 0.5313489583333334 0.8075648148148148 0.096875 0.22238888888888889
7 0.3913645833333333 0.8218703703703704 0.09376041666666667 0.22088888888888888
31 0.27022395833333335 0.8281574074074074 0.10355729166666668 0.1653148148148148