28 0.5824739583333333 0.4346851851851852 0.10684895833333334 0.1616203703703704
23 0.28728125000000004 0.4426481481481481 0.10719270833333333 0.17014814814814813
10 0.34780208333333335 0.8851018518518519 0.09903124999999999 0.22268518518518518
24 0.6023177083333333 0.6522777777777778 0.08403645833333333 0.22453703703703703
9 0.8141510416666667 0.12330555555555554 0.11939583333333334 0.16523148148148148
21 0.51965625 0.22689814814814815 0.10543229166666666 0.1534537037037037
26 0.8551822916666667 0.6079814814814815 0.08536458333333334 0.22491666666666665
25 0.6399010416666666 0.17731481481481481 0.10631770833333333 0.17599074074074073
27 0.3126875 0.6587407407407407 0.109890625 0.17868518518518517
20 0.72628125 0.6462407407407408 0.11761458333333333 0.1882037037037037
19 0.4642135416666667 0.6662685185185185 0.12403125 0.16395370370370368
18 0.7069947916666667 0.3833703703703704 0.09470833333333334 0.21678703703703703
17 0.4879739583333333 0.8850925925925925 0.09568229166666667 0.22735185185185183
16 0.6477395833333334 0.8631203703703704 0.12192708333333332 0.1742037037037037
15 0.8499270833333333 0.33701851851851855 0.124671875 0.15624074074074074
14 0.81325 0.8552777777777778 0.11850000000000001 0.18051851851851852
13 0.45655208333333336 0.4520555555555556 0.09650520833333333 0.19618518518518518
12 0.37357291666666664 0.23960185185185184 0.12273958333333333 0.17015740740740742