28 0.6269947916666666 0.826925925925926 0.10910416666666665 0.16341666666666668
23 0.7617916666666668 0.8137777777777778 0.107828125 0.19750925925925927
10 0.33321875 0.3429166666666667 0.09209895833333334 0.22325
9 0.8413906250000001 0.1039537037037037 0.11921875 0.17287037037037037
21 0.5723125 0.15751851851851853 0.08770312499999999 0.19435185185185186
26 0.856625 0.3125833333333333 0.09815625 0.21836111111111112
25 0.7117552083333333 0.11912962962962963 0.09760416666666667 0.19607407407407407
24 0.6122604166666666 0.6077592592592592 0.08567187500000001 0.22328703703703703
18 0.43785937500000005 0.2144351851851852 0.09591145833333334 0.21639814814814815
16 0.3587916666666667 0.8113055555555556 0.09588541666666667 0.22019444444444444
17 0.48852083333333335 0.8275 0.09265625000000001 0.22692592592592595
14 0.8874270833333333 0.7914629629629629 0.119875 0.16639814814814816
20 0.8726458333333333 0.5591574074074074 0.09244270833333333 0.21631481481481482
19 0.7368229166666667 0.6091759259259258 0.12634895833333334 0.16364814814814815
27 0.34036979166666664 0.585962962962963 0.10366145833333333 0.1635277777777778
13 0.4655052083333333 0.6033240740740741 0.10671875 0.16025
15 0.5463749999999999 0.3861481481481482 0.08884895833333334 0.22248148148148147
12 0.7133020833333333 0.37230555555555556 0.10301041666666667 0.2115