28 0.6261197916666668 0.8270370370370371 0.10734375 0.15924074074074074
23 0.76134375 0.8138796296296297 0.107515625 0.1999351851851852
10 0.33333854166666665 0.3421388888888889 0.093125 0.22333333333333333
9 0.8421354166666667 0.10312962962962963 0.11833854166666667 0.17276851851851852
21 0.5718125000000001 0.1583240740740741 0.08797395833333334 0.19375
26 0.8562031250000001 0.3118611111111111 0.097703125 0.21801851851851853
25 0.7115208333333333 0.11766666666666667 0.0991875 0.19371296296296298
24 0.611484375 0.6088055555555556 0.085265625 0.22415740740740742
18 0.4379895833333334 0.2142962962962963 0.09488020833333333 0.2172314814814815
16 0.35920312499999996 0.8114166666666667 0.09497395833333333 0.22210185185185186
17 0.48848437499999997 0.8271388888888889 0.093359375 0.22903703703703704
14 0.8873541666666667 0.7914074074074074 0.12007812500000001 0.16619444444444445
27 0.34015625 0.585962962962963 0.10378645833333335 0.1642962962962963
13 0.465359375 0.60325 0.10700520833333332 0.1600462962962963
15 0.5463020833333334 0.3861944444444444 0.08895833333333333 0.22203703703703706
20 0.8725520833333333 0.5589722222222223 0.09258333333333332 0.21661111111111112
19 0.73671875 0.6092314814814815 0.12628125 0.1641388888888889
12 0.7130572916666666 0.3719444444444444 0.10315625 0.21124074074074073