28 0.8900208333333333 0.15207407407407408 0.08703645833333334 0.18667592592592594
27 0.6206979166666666 0.41180555555555554 0.09625520833333333 0.18856481481481482
26 0.3611875 0.8535185185185185 0.092 0.2260185185185185
25 0.611796875 0.6440555555555556 0.10377083333333334 0.16655555555555554
24 0.41385937500000003 0.2386759259259259 0.12571354166666668 0.1540925925925926
23 0.7562916666666666 0.40802777777777777 0.10768229166666667 0.17125925925925928
21 0.7479479166666666 0.6304722222222222 0.11021354166666668 0.15887962962962962
20 0.6322291666666667 0.8665 0.09095833333333332 0.21947222222222224
19 0.49456770833333336 0.4254722222222222 0.12461979166666667 0.15766666666666668
13 0.49366145833333336 0.8783703703703704 0.10766666666666666 0.16353703703703704
14 0.7358385416666666 0.15931481481481483 0.09456250000000001 0.21655555555555556
18 0.8995260416666666 0.6324722222222222 0.119640625 0.1653425925925926
17 0.919171875 0.8404166666666667 0.12447395833333334 0.16242592592592592
16 0.5820572916666666 0.21283333333333335 0.121046875 0.16991666666666666
15 0.766453125 0.858638888888889 0.12520833333333334 0.16228703703703704
12 0.4785625 0.6406666666666666 0.12117708333333334 0.16600925925925925
10 0.33709375 0.5051018518518519 0.09208854166666666 0.22287962962962965
9 0.8819479166666666 0.3735462962962963 0.09466666666666666 0.21598148148148147