28 0.6015364583333334 0.8098333333333333 0.10890104166666667 0.16908333333333334
23 0.7311197916666666 0.7585925925925926 0.09643229166666667 0.1905
10 0.294328125 0.4691851851851852 0.12413020833333334 0.18042592592592593
9 0.30059375 0.2631018518518518 0.12315104166666666 0.18139814814814814
21 0.6169114583333334 0.17503703703703702 0.11123958333333334 0.16969444444444445
26 0.803171875 0.3375833333333333 0.12607812499999999 0.16796296296296298
25 0.7762135416666667 0.12766666666666665 0.107671875 0.17635185185185187
24 0.548 0.6012129629629629 0.12463541666666668 0.1594814814814815
18 0.4621302083333333 0.19186111111111112 0.12098437499999999 0.17460185185185184
16 0.28315104166666666 0.9051111111111111 0.12384895833333333 0.17583333333333334
17 0.44764583333333335 0.8390277777777777 0.1269375 0.16424999999999998
13 0.41283333333333333 0.6484722222222222 0.11394270833333334 0.19047222222222224
20 0.8631458333333334 0.5334074074074074 0.12084375 0.1615462962962963
27 0.2675677083333333 0.6665185185185185 0.10881249999999999 0.1732314814814815
14 0.8716875000000001 0.7511018518518519 0.120015625 0.1655
19 0.7044583333333333 0.5647407407407407 0.12357812500000001 0.17925925925925926
15 0.4980833333333334 0.4245925925925926 0.12397916666666667 0.1585925925925926
12 0.6559114583333333 0.358962962962963 0.12307291666666667 0.16812037037037036