28 0.5975416666666666 0.4381388888888889 0.10720312500000001 0.16696296296296295
23 0.32681770833333335 0.44778703703703704 0.10209895833333334 0.1653240740740741
10 0.35960416666666667 0.8738981481481481 0.12634895833333334 0.17612037037037037
24 0.601796875 0.6553333333333333 0.12575520833333334 0.15137962962962964
9 0.7928125 0.12275925925925928 0.09182291666666667 0.21924074074074074
21 0.5058958333333333 0.21568518518518517 0.10525000000000001 0.15121296296296297
26 0.8805052083333333 0.6053703703703703 0.08706770833333333 0.22335185185185186
27 0.32001562499999997 0.656888888888889 0.09528645833333332 0.18696296296296294
25 0.6420833333333333 0.16078703703703703 0.10425 0.16749074074074072
20 0.7391562500000001 0.6189444444444445 0.090203125 0.2173425925925926
19 0.4410572916666667 0.6646666666666667 0.09035416666666667 0.22218518518518518
18 0.7402760416666666 0.37460185185185185 0.09678645833333334 0.21632407407407406
17 0.5148489583333333 0.8651481481481481 0.126953125 0.16591666666666666
16 0.6885781249999999 0.8462314814814814 0.12297916666666667 0.16791666666666666
15 0.8634166666666666 0.3544074074074074 0.09430208333333333 0.2201759259259259
14 0.8346458333333333 0.8257777777777778 0.120734375 0.16423148148148148
13 0.46070833333333333 0.44651851851851854 0.10655729166666666 0.15805555555555553
12 0.38173958333333335 0.2174259259259259 0.12322916666666667 0.16639814814814816