28 0.66115625 0.8805462962962963 0.08991145833333333 0.19341666666666665
23 0.7875572916666667 0.8585648148148148 0.10161979166666667 0.16395370370370368
10 0.37004166666666666 0.42486111111111113 0.12688541666666667 0.1581111111111111
9 0.8407395833333333 0.13427777777777777 0.12158333333333333 0.16610185185185183
21 0.5674843749999999 0.15787962962962962 0.10953125000000001 0.16196296296296295
26 0.8567135416666667 0.3851759259259259 0.12377083333333333 0.16666666666666666
25 0.7157604166666667 0.15199074074074076 0.11239583333333333 0.1970925925925926
24 0.6201666666666666 0.6183703703703703 0.12494270833333333 0.16594444444444445
18 0.4032291666666667 0.1778611111111111 0.11967708333333334 0.1791851851851852
16 0.38551041666666663 0.9165648148148148 0.123515625 0.1661388888888889
17 0.5282552083333333 0.886962962962963 0.12682812499999999 0.1700462962962963
27 0.353859375 0.6568333333333334 0.09638020833333334 0.18887962962962965
15 0.528703125 0.4234351851851852 0.12363020833333334 0.16362962962962962
13 0.4908125 0.6599444444444444 0.089984375 0.19218518518518518
14 0.905953125 0.8380740740740741 0.0879375 0.21521296296296297
20 0.89 0.6241851851851852 0.11866666666666667 0.1716574074074074
19 0.7521875 0.6043425925925926 0.09201041666666666 0.22278703703703706
12 0.6950885416666667 0.3711481481481481 0.12327604166666667 0.16631481481481483