28 0.3076302083333333 0.5896203703703703 0.09434895833333333 0.1928703703703704
27 0.8757291666666667 0.8512129629629629 0.11350520833333334 0.2045648148148148
26 0.34795312500000003 0.8686203703703704 0.11643229166666667 0.20866666666666667
25 0.8390677083333333 0.11788888888888888 0.10917708333333334 0.2003425925925926
24 0.690453125 0.40089814814814817 0.11608854166666666 0.20149074074074075
23 0.679109375 0.13401851851851854 0.10501041666666668 0.16812962962962963
21 0.715390625 0.642824074074074 0.08971875 0.1937222222222222
20 0.5952083333333333 0.8519074074074073 0.09867187499999999 0.21822222222222223
19 0.528421875 0.3709722222222222 0.11378645833333333 0.2036296296296296
18 0.8653489583333334 0.6155740740740742 0.121640625 0.1718425925925926
17 0.5670520833333333 0.6060833333333334 0.12565104166666666 0.16403703703703704
16 0.507453125 0.1385833333333333 0.12121875 0.1733611111111111
15 0.34630208333333334 0.36312962962962964 0.12671354166666665 0.15718518518518518
14 0.32344270833333333 0.14975925925925926 0.12391666666666666 0.1677962962962963
13 0.46760416666666665 0.8413425925925926 0.11282291666666668 0.19925925925925925
12 0.4308802083333333 0.5935092592592592 0.11455729166666666 0.20424074074074075
10 0.7297395833333333 0.8512129629629629 0.12418749999999999 0.1776851851851852
9 0.8439166666666666 0.37143518518518515 0.09417708333333333 0.21700925925925926