28 0.3416302083333333 0.6306481481481482 0.10893229166666667 0.17009259259259257
23 0.27030208333333333 0.45213888888888887 0.10588020833333332 0.16464814814814815
10 0.7230364583333333 0.30852777777777773 0.12539583333333332 0.17503703703703702
9 0.7439791666666667 0.5351388888888889 0.124875 0.17148148148148148
21 0.49191145833333333 0.8369074074074074 0.11131770833333333 0.16814814814814813
26 0.566953125 0.38202777777777774 0.122265625 0.17039814814814816
25 0.30270833333333336 0.21604629629629632 0.10731770833333334 0.17010185185185187
24 0.8763177083333333 0.49675925925925923 0.12281770833333333 0.16872222222222222
18 0.6313697916666666 0.12176851851851851 0.122703125 0.17158333333333334
16 0.422609375 0.4086018518518519 0.122796875 0.16597222222222222
17 0.45315625 0.20130555555555554 0.12600520833333334 0.16922222222222222
13 0.8951354166666667 0.7693333333333333 0.10929166666666666 0.17000925925925928
20 0.8595572916666666 0.2456574074074074 0.11941666666666667 0.17066666666666666
27 0.753953125 0.7775185185185185 0.11076041666666667 0.1874537037037037
14 0.36895833333333333 0.8511388888888889 0.09371875 0.21852777777777777
19 0.47770833333333335 0.6227777777777778 0.09197395833333334 0.22105555555555556
15 0.6085052083333333 0.5942685185185185 0.12525 0.1618425925925926
12 0.6252552083333334 0.8124259259259259 0.09593229166666667 0.22064814814814815