28 0.5978281249999999 0.4370648148148148 0.10683854166666666 0.1673888888888889
23 0.327453125 0.44853703703703707 0.10304166666666667 0.16310185185185186
10 0.36034895833333336 0.8745277777777778 0.12555729166666665 0.1768425925925926
24 0.6016822916666666 0.6555648148148148 0.12587500000000001 0.1524074074074074
21 0.5068750000000001 0.2145462962962963 0.10504166666666667 0.15274074074074076
27 0.3202447916666667 0.6568333333333334 0.09536979166666668 0.18762037037037035
26 0.8815364583333333 0.6053148148148149 0.08770312499999999 0.2234722222222222
20 0.7395937499999999 0.6184166666666666 0.090125 0.21780555555555556
25 0.6430208333333333 0.1604722222222222 0.10500520833333334 0.16839814814814816
13 0.4610989583333333 0.4464259259259259 0.10651041666666666 0.15893518518518518
14 0.8351979166666667 0.8249444444444445 0.12055208333333334 0.16411111111111112
19 0.4412083333333333 0.6650925925925926 0.09085937499999999 0.22253703703703703
18 0.7411718749999999 0.3742314814814815 0.09738020833333333 0.21660185185185185
17 0.5151458333333333 0.8649722222222221 0.12710416666666666 0.16602777777777777
16 0.6890364583333334 0.845537037037037 0.12290625 0.16878703703703704
15 0.8646875 0.3531388888888889 0.09424479166666666 0.22137037037037038
9 0.79325 0.12250925925925926 0.093125 0.2203888888888889
12 0.382078125 0.21717592592592594 0.123515625 0.16727777777777778