28 0.8808697916666667 0.29833333333333334 0.08743229166666668 0.18814814814814815
27 0.4773229166666667 0.5732962962962963 0.09270833333333334 0.1825648148148148
26 0.5904895833333333 0.34262037037037035 0.12434895833333333 0.15780555555555556
25 0.6345364583333333 0.12406481481481482 0.10611979166666667 0.17401851851851852
24 0.45203125 0.37142592592592594 0.12451041666666667 0.15413888888888888
21 0.8982552083333334 0.7360462962962963 0.10505208333333332 0.15337037037037035
23 0.737984375 0.31819444444444445 0.10422916666666666 0.16772222222222222
20 0.3688958333333333 0.8844351851851853 0.11146354166666667 0.20369444444444446
19 0.3080208333333333 0.3851203703703704 0.12743229166666667 0.1573425925925926
18 0.7774322916666667 0.7700277777777778 0.09833854166666667 0.21687962962962962
17 0.64440625 0.7898981481481482 0.12733333333333333 0.16433333333333333
16 0.33293229166666666 0.6127592592592592 0.098546875 0.21696296296296297
15 0.7910989583333333 0.11235185185185186 0.12397395833333333 0.1615185185185185
14 0.6057604166666667 0.5506944444444445 0.090671875 0.21489814814814814
13 0.7524947916666667 0.5261574074074075 0.10822395833333333 0.15887962962962962
12 0.45733333333333337 0.1648148148148148 0.12185416666666667 0.17112037037037037
10 0.5076770833333334 0.8190833333333334 0.09705729166666667 0.2228425925925926
9 0.8964583333333334 0.5087685185185186 0.09429166666666666 0.216