28 0.6063177083333334 0.8358796296296296 0.10779166666666667 0.164
23 0.32190624999999995 0.3756666666666667 0.10413020833333334 0.16567592592592592
10 0.442046875 0.19973148148148148 0.126 0.16268518518518518
9 0.4812291666666667 0.8663240740740741 0.095625 0.2225462962962963
21 0.7384010416666666 0.8113425925925926 0.11122395833333334 0.16112037037037036
26 0.33880208333333334 0.6280370370370371 0.08569791666666667 0.22437037037037036
25 0.5781666666666666 0.3924166666666667 0.09430208333333333 0.18602777777777776
24 0.627421875 0.18580555555555556 0.125546875 0.16450925925925924
18 0.7291822916666667 0.5740925925925926 0.09372916666666667 0.2188148148148148
16 0.46645833333333336 0.6489907407407407 0.12138020833333334 0.16499999999999998
17 0.78553125 0.14727777777777779 0.12600520833333334 0.16375925925925927
13 0.3600260416666667 0.8829074074074074 0.08945833333333333 0.19162037037037036
20 0.7122760416666666 0.36495370370370367 0.12259375 0.16883333333333334
27 0.8557812499999999 0.34915740740740736 0.09175520833333332 0.18124074074074076
14 0.6055364583333334 0.6169722222222223 0.09606770833333332 0.21437037037037038
19 0.852078125 0.5783240740740742 0.124578125 0.16028703703703706
15 0.4517447916666667 0.42821296296296296 0.09032812500000001 0.22062962962962962
12 0.8613697916666666 0.7939351851851852 0.09448958333333332 0.2180740740740741