28 0.6533802083333333 0.8658981481481481 0.09072916666666667 0.1922962962962963
23 0.3272291666666666 0.3518981481481482 0.10481770833333333 0.16611111111111113
10 0.46341666666666664 0.15646296296296294 0.1253125 0.16539814814814816
9 0.5006614583333333 0.8675833333333334 0.09644270833333332 0.22302777777777777
21 0.7787083333333332 0.8606759259259259 0.09028125000000001 0.1950462962962963
26 0.35321874999999997 0.6312685185185185 0.12455729166666667 0.18334259259259258
25 0.610328125 0.3529351851851852 0.093609375 0.1829074074074074
24 0.6021197916666666 0.11016666666666668 0.12406249999999999 0.16886111111111113
18 0.7631822916666666 0.6303333333333333 0.09434895833333333 0.2233611111111111
16 0.49819270833333335 0.6257314814814815 0.09266145833333334 0.21727777777777776
17 0.782984375 0.12846296296296297 0.12672916666666667 0.16206481481481483
13 0.361140625 0.8734444444444445 0.09129166666666667 0.19833333333333333
20 0.7276041666666667 0.35388888888888886 0.09047395833333334 0.21832407407407406
27 0.8529218749999999 0.35974999999999996 0.1030625 0.1645
14 0.632296875 0.5863888888888888 0.089 0.21706481481481482
19 0.8722708333333333 0.5924444444444444 0.08756770833333333 0.22364814814814815
15 0.47708854166666664 0.3996851851851852 0.12508333333333332 0.1626574074074074
12 0.8939635416666667 0.8274814814814815 0.11868229166666668 0.17871296296296296