28 0.34153645833333335 0.6319999999999999 0.10944270833333333 0.17278703703703704
23 0.2690364583333333 0.45154629629629633 0.10577083333333334 0.16680555555555557
10 0.722375 0.30821296296296297 0.12563020833333333 0.17546296296296296
9 0.7436666666666666 0.5351481481481482 0.12486979166666666 0.17326851851851852
21 0.492578125 0.8381481481481482 0.11116145833333334 0.16924074074074075
26 0.5662604166666667 0.3822962962962963 0.12308333333333334 0.1708888888888889
25 0.30311458333333335 0.21673148148148147 0.108296875 0.17016666666666666
24 0.8765000000000001 0.4962777777777778 0.12209374999999999 0.1698333333333333
18 0.6306822916666667 0.1217037037037037 0.12247395833333334 0.17212037037037037
16 0.42273958333333334 0.40842592592592597 0.12278125000000001 0.16699074074074075
17 0.45284895833333333 0.2010925925925926 0.12638541666666667 0.1699351851851852
13 0.8941927083333333 0.7683611111111112 0.109125 0.17139814814814816
20 0.859046875 0.24581481481481482 0.11908854166666667 0.17080555555555554
27 0.7537083333333333 0.7771111111111111 0.11069270833333333 0.1860740740740741
14 0.3688125 0.8508055555555556 0.09399479166666666 0.21969444444444444
19 0.47775 0.6223055555555556 0.09188541666666666 0.22114814814814815
15 0.6084322916666667 0.5939074074074073 0.125015625 0.16332407407407407
12 0.625390625 0.8120092592592593 0.09544791666666666 0.2208240740740741