28 0.8816354166666667 0.1689351851851852 0.1046875 0.15844444444444444
27 0.6491770833333333 0.416787037037037 0.09270833333333334 0.18188888888888888
26 0.37043750000000003 0.8442870370370371 0.08767187500000001 0.22825925925925927
25 0.6242916666666667 0.6477222222222222 0.09699479166666666 0.19096296296296297
24 0.4271770833333333 0.21786111111111112 0.12499479166666667 0.16064814814814815
23 0.7618125 0.38019444444444445 0.09522916666666667 0.18471296296296297
21 0.7541666666666667 0.6088518518518518 0.092640625 0.19586111111111112
20 0.6464583333333334 0.8766018518518519 0.09030729166666666 0.22036111111111112
19 0.505625 0.42166666666666663 0.124453125 0.1598148148148148
18 0.9007135416666666 0.6353333333333333 0.119921875 0.16837962962962963
17 0.9085625 0.848712962962963 0.08860416666666666 0.22460185185185186
16 0.589734375 0.2063611111111111 0.12164583333333333 0.1653888888888889
15 0.7799375000000001 0.8595462962962962 0.08822395833333332 0.22468518518518518
14 0.7409427083333333 0.15913888888888889 0.12106770833333333 0.17287037037037037
13 0.500234375 0.8621111111111112 0.09209895833333334 0.19757407407407407
12 0.48544791666666665 0.6419444444444444 0.12105729166666666 0.16803703703703704
10 0.35144791666666664 0.4877222222222222 0.09121354166666666 0.22304629629629627
9 0.901921875 0.39855555555555555 0.11951041666666667 0.1694351851851852