28 0.8904218749999999 0.15198148148148147 0.08634895833333332 0.18653703703703706
21 0.74765625 0.6308888888888889 0.11083854166666667 0.15905555555555556
27 0.6205312500000001 0.4120925925925926 0.09665625000000001 0.18962962962962965
19 0.494375 0.4249814814814815 0.12474479166666666 0.15669444444444444
26 0.36073958333333334 0.8537222222222222 0.09228645833333333 0.22724074074074072
25 0.6117552083333333 0.6440925925925925 0.10413541666666666 0.16706481481481483
24 0.4132604166666667 0.23852777777777778 0.12621875 0.15466666666666665
23 0.7561875 0.4085740740740741 0.10820833333333332 0.1723148148148148
20 0.6319270833333334 0.866574074074074 0.091421875 0.2213611111111111
13 0.4935208333333333 0.8786851851851852 0.10815625 0.16510185185185186
14 0.7355885416666667 0.15937962962962962 0.095421875 0.21725
15 0.7660625 0.858712962962963 0.12607291666666667 0.16308333333333333
18 0.8989791666666667 0.6327037037037038 0.12100520833333334 0.16635185185185186
17 0.9189062499999999 0.8402129629629629 0.12522916666666667 0.16367592592592595
16 0.5818697916666667 0.2125 0.12164583333333333 0.17097222222222222
12 0.4783072916666667 0.6408611111111111 0.12167187500000001 0.16732407407407407
10 0.33654166666666663 0.5049814814814815 0.09306770833333333 0.2235462962962963
9 0.8817604166666667 0.3736481481481482 0.095046875 0.21622222222222223