28 0.6206822916666667 0.7949444444444445 0.09919270833333332 0.19508333333333333
23 0.7462083333333334 0.8038240740740741 0.10875 0.17207407407407407
10 0.323765625 0.46105555555555555 0.12704166666666666 0.1661574074074074
9 0.33251041666666664 0.2644074074074074 0.12361458333333333 0.17617592592592593
21 0.616859375 0.1740648148148148 0.11321354166666667 0.17169444444444446
26 0.8410364583333333 0.3307685185185185 0.1250625 0.16268518518518518
25 0.7617604166666666 0.148 0.098984375 0.19325
24 0.595765625 0.5904074074074074 0.12365625 0.16197222222222224
18 0.48442708333333334 0.22211111111111112 0.11933854166666666 0.18544444444444444
16 0.35667187499999997 0.88425 0.09585937500000001 0.2232962962962963
17 0.4861614583333333 0.8230185185185185 0.12579166666666666 0.17637037037037037
13 0.46161458333333333 0.6217962962962963 0.111828125 0.17310185185185184
20 0.8703958333333334 0.5608796296296297 0.09228125000000001 0.21786111111111112
27 0.33047916666666666 0.6527685185185186 0.09922916666666667 0.19219444444444445
14 0.8774322916666667 0.7919537037037037 0.094296875 0.2146574074074074
19 0.7436041666666667 0.5751574074074074 0.12671875000000002 0.15741666666666665
15 0.5111927083333333 0.4195185185185185 0.12476041666666667 0.16241666666666665
12 0.6614427083333333 0.35958333333333337 0.1226875 0.1695925925925926