28 0.6413541666666667 0.8530833333333334 0.09144791666666667 0.19060185185185186
23 0.32690625 0.35526851851851854 0.09350520833333334 0.1823611111111111
10 0.4460520833333333 0.20349074074074075 0.12516145833333334 0.1635
9 0.49890625 0.8818888888888889 0.12120833333333333 0.1824722222222222
21 0.7635000000000001 0.8344444444444444 0.08682291666666667 0.18900925925925927
26 0.3406666666666667 0.6144537037037037 0.09016666666666667 0.2253888888888889
25 0.59140625 0.39243518518518516 0.10303645833333334 0.16802777777777778
24 0.6049270833333333 0.1611388888888889 0.126421875 0.15862962962962962
18 0.7425312500000001 0.5922037037037038 0.09571354166666667 0.21813888888888888
16 0.46465104166666665 0.6392407407407408 0.092640625 0.21849074074074074
17 0.8326354166666667 0.1372685185185185 0.126359375 0.15794444444444444
13 0.3639635416666666 0.9016481481481481 0.11180208333333333 0.16837037037037036
20 0.7284583333333334 0.3476574074074074 0.09594791666666666 0.21612962962962962
27 0.8562395833333334 0.34960185185185183 0.09083333333333334 0.18009259259259258
14 0.6056979166666667 0.618287037037037 0.09415104166666667 0.21557407407407406
19 0.8704739583333333 0.5804074074074075 0.12309375 0.16344444444444445
15 0.4615 0.38962962962962966 0.12494270833333333 0.15762962962962965
12 0.894640625 0.82775 0.11942708333333334 0.17764814814814817