28 0.32848437500000005 0.5987222222222223 0.106546875 0.1498611111111111
23 0.6713177083333334 0.1484814814814815 0.10491666666666667 0.16462037037037036
10 0.7500208333333334 0.8688703703703704 0.12757291666666667 0.16112037037037036
9 0.8529531250000001 0.3361018518518519 0.12175520833333334 0.16497222222222221
21 0.7254739583333334 0.6182129629629629 0.09293229166666667 0.1950740740740741
26 0.32598958333333333 0.8338981481481481 0.11558854166666667 0.2092037037037037
25 0.83490625 0.10534259259259258 0.10388020833333332 0.1663425925925926
24 0.7058645833333334 0.37124999999999997 0.08982291666666667 0.2227314814814815
18 0.8654375000000001 0.59275 0.09370833333333332 0.21653703703703706
16 0.507609375 0.18556481481481482 0.12210416666666667 0.16747222222222222
17 0.5932604166666666 0.6207962962962963 0.12598958333333335 0.1601388888888889
13 0.46325520833333333 0.8382685185185186 0.08893749999999999 0.1913425925925926
20 0.60146875 0.8391759259259258 0.122328125 0.16828703703703704
27 0.8820677083333333 0.8576851851851851 0.09153645833333333 0.18031481481481482
14 0.34220833333333334 0.16037037037037036 0.09059375 0.22068518518518518
19 0.5467395833333334 0.4059259259259259 0.124234375 0.15813888888888888
15 0.38492187499999997 0.3751296296296296 0.12564583333333335 0.15718518518518518
12 0.4522760416666667 0.6013981481481482 0.09453125 0.21608333333333335