28 0.6524479166666667 0.8660833333333333 0.08797916666666666 0.19278703703703703
23 0.326234375 0.3525462962962963 0.10514583333333333 0.16845370370370372
10 0.4631979166666667 0.1568425925925926 0.12669791666666666 0.16447222222222221
9 0.5011510416666667 0.8675925925925926 0.09553645833333334 0.22473148148148148
21 0.7787760416666667 0.8599444444444444 0.08963541666666666 0.19428703703703704
26 0.35373958333333333 0.6317499999999999 0.12357812500000001 0.18349074074074073
25 0.6106822916666667 0.35275 0.09208854166666666 0.18283333333333335
24 0.6026510416666666 0.11003703703703704 0.126125 0.16803703703703704
18 0.7634635416666666 0.6294444444444444 0.09453125 0.22022222222222224
16 0.4981875 0.6260462962962963 0.09311979166666666 0.21727777777777776
17 0.7835520833333334 0.12786111111111112 0.12669791666666666 0.16187962962962965
13 0.36099479166666665 0.8733425925925926 0.09241145833333334 0.19718518518518519
20 0.726890625 0.3540648148148148 0.0906875 0.21972222222222224
27 0.8530104166666667 0.35960185185185184 0.102171875 0.16560185185185183
14 0.6324739583333333 0.5860092592592593 0.08921354166666666 0.21675925925925926
19 0.8724739583333334 0.5926481481481481 0.08699479166666667 0.22365740740740742
15 0.4770625 0.39992592592592596 0.12447916666666667 0.16119444444444445
12 0.8942395833333333 0.8274444444444444 0.11958333333333333 0.17888888888888888