28 0.6420052083333334 0.8522777777777778 0.09160937499999999 0.1925462962962963
23 0.3263697916666667 0.3556759259259259 0.09440104166666667 0.18107407407407408
10 0.4463125 0.2036111111111111 0.12647395833333333 0.1628888888888889
9 0.4989947916666667 0.8818148148148148 0.12171354166666666 0.18128703703703702
21 0.7635104166666667 0.8338703703703704 0.08612500000000001 0.18880555555555556
26 0.3411354166666667 0.6147685185185185 0.089609375 0.2243425925925926
25 0.59153125 0.3927222222222222 0.10344791666666667 0.1663888888888889
24 0.6052239583333333 0.16078703703703703 0.12531770833333333 0.15830555555555556
18 0.7425416666666667 0.5921203703703704 0.094625 0.21856481481481482
16 0.4649635416666667 0.6395 0.09427604166666666 0.21833333333333335
17 0.8330729166666667 0.13708333333333333 0.12658333333333333 0.1576574074074074
13 0.3640416666666667 0.9011203703703704 0.11068750000000001 0.16785185185185186
20 0.728265625 0.34780555555555553 0.09624479166666666 0.21649074074074073
27 0.8563697916666667 0.3498703703703704 0.09260937500000001 0.18062962962962964
14 0.6060677083333333 0.618712962962963 0.095296875 0.21496296296296297
19 0.8707291666666667 0.5813148148148148 0.12303125 0.16324074074074074
15 0.46129166666666666 0.3896018518518518 0.12575520833333334 0.15761111111111112
12 0.8942187500000001 0.8275277777777778 0.120171875 0.1783611111111111