28 0.31487499999999996 0.666787037037037 0.09073958333333333 0.1896851851851852
23 0.26983333333333337 0.4502685185185185 0.105484375 0.16536111111111113
10 0.722609375 0.31593518518518515 0.093 0.22271296296296297
9 0.7431979166666667 0.5460648148148148 0.12318229166666667 0.17283333333333334
21 0.5025520833333333 0.8398518518518518 0.08689062500000001 0.19493518518518518
26 0.5814010416666666 0.35459259259259257 0.0899375 0.2226388888888889
25 0.333015625 0.21048148148148146 0.10125 0.19599074074074072
24 0.8764322916666667 0.4948888888888889 0.12168229166666666 0.1695
18 0.6962916666666668 0.1018148148148148 0.12185416666666667 0.18031481481481482
16 0.42291666666666666 0.4087777777777778 0.12183333333333332 0.16632407407407407
17 0.5033229166666666 0.1539074074074074 0.12580208333333334 0.16624074074074074
13 0.8912916666666667 0.7025462962962963 0.10818229166666667 0.1649074074074074
20 0.8613541666666666 0.26164814814814813 0.09700520833333333 0.21431481481481482
27 0.7634322916666666 0.7643703703703704 0.10913541666666667 0.17708333333333334
14 0.358703125 0.8661666666666668 0.12148958333333333 0.18394444444444444
19 0.461671875 0.603037037037037 0.12340625 0.16575925925925927
15 0.5969166666666667 0.5905833333333333 0.08997395833333334 0.2211388888888889
12 0.6305625 0.8181481481481482 0.12113541666666668 0.18012037037037038