28 0.880171875 0.2988425925925926 0.08716666666666667 0.18896296296296297
21 0.8982291666666666 0.7360277777777777 0.10428125 0.1513148148148148
27 0.47722916666666665 0.5729351851851852 0.09270312500000001 0.18238888888888888
26 0.5906302083333334 0.34235185185185185 0.12426041666666668 0.15796296296296294
25 0.6345416666666667 0.12383333333333334 0.10625520833333332 0.17407407407407408
24 0.4521354166666667 0.3719074074074074 0.12448958333333333 0.15382407407407406
23 0.737890625 0.3184074074074074 0.10393229166666668 0.16817592592592592
20 0.3690625 0.8845555555555557 0.11148437500000001 0.20429629629629628
13 0.7525416666666668 0.5260925925925926 0.10832291666666666 0.15937962962962962
14 0.6057291666666667 0.5510185185185186 0.09084895833333334 0.21448148148148147
19 0.308265625 0.3855462962962963 0.12783854166666667 0.1585277777777778
18 0.7775729166666667 0.7698333333333333 0.09816145833333333 0.21713888888888888
17 0.6446145833333333 0.7897314814814814 0.127546875 0.16442592592592595
16 0.3330416666666667 0.6126851851851852 0.09808333333333333 0.2168888888888889
15 0.791125 0.11228703703703703 0.12398958333333333 0.16115740740740742
12 0.45723437499999997 0.1645 0.12214062499999999 0.17062962962962963
10 0.5075729166666666 0.8195185185185185 0.097234375 0.22367592592592592
9 0.8961770833333333 0.5088518518518518 0.09461979166666666 0.21671296296296297