28 0.3282083333333333 0.5982314814814815 0.10711458333333333 0.1501388888888889
27 0.8819270833333334 0.8574722222222223 0.09132291666666667 0.18056481481481482
26 0.3263020833333333 0.8331944444444445 0.11472395833333333 0.20794444444444446
25 0.8345625 0.1055 0.10381770833333334 0.1684351851851852
24 0.7057708333333333 0.3713611111111111 0.09071875 0.22242592592592592
23 0.6713125000000001 0.14827777777777776 0.10321875 0.16737037037037036
21 0.7247604166666667 0.6183148148148148 0.09330729166666667 0.19650925925925924
20 0.6015572916666667 0.8387129629629629 0.12185416666666667 0.16802777777777778
19 0.5461197916666667 0.4059537037037037 0.12457291666666667 0.15895370370370368
18 0.8649166666666667 0.5912592592592593 0.09313541666666666 0.21767592592592594
17 0.5931562499999999 0.6206388888888889 0.125953125 0.16258333333333333
16 0.5073177083333333 0.18625925925925926 0.12144270833333333 0.16899074074074072
15 0.38515625 0.37522222222222223 0.12573958333333332 0.15783333333333335
14 0.34199999999999997 0.16046296296296297 0.091078125 0.22094444444444444
13 0.46382291666666664 0.837925925925926 0.08893229166666666 0.19174074074074074
12 0.4524739583333333 0.6012129629629629 0.09485416666666667 0.21531481481481482
10 0.7498281250000001 0.8688148148148148 0.126609375 0.16036111111111112
9 0.8530729166666667 0.3357962962962963 0.12122916666666667 0.16360185185185186