28 0.34934895833333335 0.6381018518518519 0.090296875 0.18928703703703703
23 0.33507291666666666 0.4184351851851852 0.10529166666666666 0.16951851851851854
10 0.7261770833333333 0.26433333333333336 0.09416145833333332 0.22308333333333333
9 0.7487499999999999 0.5367314814814814 0.123546875 0.174
21 0.49550520833333334 0.8424351851851852 0.09022395833333333 0.19878703703703704
26 0.613609375 0.3893425925925926 0.08894270833333334 0.22236111111111112
25 0.32171875 0.22053703703703703 0.09886979166666668 0.19189814814814815
24 0.8791093750000001 0.5019814814814815 0.08586979166666667 0.22439814814814815
18 0.6006510416666667 0.16230555555555554 0.1235 0.16590740740740742
16 0.484328125 0.40747222222222224 0.12097916666666667 0.16347222222222224
17 0.4613802083333333 0.20033333333333334 0.12643229166666667 0.16717592592592595
13 0.9134947916666667 0.7690648148148148 0.08722395833333334 0.18785185185185185
20 0.8402135416666667 0.2317962962962963 0.09405729166666667 0.21669444444444444
27 0.7680416666666667 0.8095648148148149 0.09490104166666667 0.18462037037037035
14 0.3587552083333333 0.883 0.12288541666666666 0.17624074074074075
19 0.4787604166666667 0.6297685185185184 0.124828125 0.16187037037037036
15 0.616296875 0.6024351851851851 0.12546354166666665 0.15974074074074074
12 0.6326875 0.8283425925925926 0.09391145833333334 0.22235185185185183