28 0.58175 0.4355740740740741 0.10575520833333334 0.16217592592592592
23 0.286609375 0.44257407407407406 0.10756770833333333 0.16752777777777778
10 0.347765625 0.8847777777777778 0.10018750000000001 0.22235185185185183
24 0.6006145833333334 0.6504537037037037 0.08615624999999999 0.2235740740740741
9 0.7920416666666666 0.14721296296296296 0.09564583333333333 0.2172037037037037
21 0.51925 0.22796296296296295 0.105109375 0.15024074074074073
26 0.8554166666666667 0.6079444444444445 0.085703125 0.22433333333333333
25 0.6478177083333333 0.16566666666666666 0.11068229166666667 0.17789814814814814
18 0.7073854166666667 0.38375 0.09515625 0.21630555555555556
16 0.6334739583333333 0.8732592592592593 0.123046875 0.17056481481481484
17 0.48233333333333334 0.8959444444444444 0.12143229166666666 0.19125925925925927
27 0.3120052083333333 0.6513796296296296 0.11032291666666666 0.18048148148148146
20 0.7262708333333333 0.6464166666666666 0.11755729166666667 0.18849074074074074
19 0.46409895833333337 0.6662222222222222 0.124328125 0.1645
15 0.8524583333333333 0.3779722222222222 0.1245 0.16087962962962962
14 0.8131406250000001 0.855037037037037 0.11870312499999999 0.18092592592592593
13 0.4564583333333333 0.4524537037037037 0.09694270833333334 0.19775925925925927
12 0.37346874999999996 0.23954629629629628 0.12330729166666667 0.17085185185185187