23 0.257984375 0.17826851851851852 0.10491666666666667 0.1670462962962963
25 0.36113541666666665 0.17162962962962963 0.09755208333333334 0.19137962962962962
26 0.47501041666666666 0.20560185185185187 0.12583333333333332 0.1522777777777778
27 0.615453125 0.21226851851851852 0.11090625 0.18312962962962964
20 0.7557291666666667 0.20364814814814813 0.11446875 0.2015185185185185
34 0.7122604166666666 0.39072222222222225 0.11776562500000001 0.19664814814814816
4 0.73815625 0.5990277777777778 0.12004166666666666 0.1977962962962963
3 0.6750052083333333 0.8205925925925927 0.11827083333333334 0.21362962962962964
2 0.59559375 0.6240833333333333 0.11507291666666666 0.20225
16 0.2600885416666667 0.38785185185185184 0.09988541666666667 0.21737037037037035
21 0.22999479166666664 0.5939907407407408 0.08936458333333334 0.1909722222222222
24 0.35940625 0.6479074074074074 0.11781770833333334 0.19529629629629627
28 0.3723489583333333 0.41407407407407404 0.09749999999999999 0.20025
13 0.4780729166666667 0.4753611111111111 0.11513020833333334 0.20660185185185184
7 0.5883906250000001 0.4076296296296296 0.11592708333333333 0.20783333333333334
1 0.4770052083333333 0.6807592592592593 0.11378645833333333 0.20130555555555554
5 0.348875 0.8484074074074074 0.12495833333333332 0.17312962962962963
14 0.5536718749999999 0.847824074074074 0.11970312500000001 0.1963703703703704