15 0.26930208333333333 0.2736574074074074 0.117640625 0.20698148148148146
9 0.3294583333333333 0.4533888888888889 0.11509895833333333 0.20525925925925925
23 0.24440625 0.6123518518518519 0.09986979166666667 0.19397222222222224
8 0.30488020833333335 0.799675925925926 0.12858854166666667 0.1666388888888889
16 0.44489062500000004 0.811675925925926 0.12372395833333334 0.17600925925925925
14 0.38989583333333333 0.6198611111111112 0.105484375 0.21231481481481482
25 0.5931197916666666 0.8005 0.11522395833333333 0.2046111111111111
26 0.7230416666666667 0.8544444444444445 0.1304114583333333 0.17037037037037037
27 0.7980208333333334 0.6759907407407408 0.11728125 0.2064537037037037
5 0.6637291666666666 0.6155925925925926 0.121265625 0.18749074074074074
32 0.7621145833333334 0.4766759259259259 0.10941666666666668 0.15555555555555556
22 0.7710572916666667 0.28825 0.11545312499999999 0.20073148148148148
19 0.6436927083333334 0.2375 0.117921875 0.21044444444444443
24 0.6247447916666666 0.4469444444444444 0.12250520833333334 0.18476851851851853
7 0.5235104166666666 0.6262222222222222 0.11728125 0.20898148148148146
21 0.4690989583333333 0.4509537037037037 0.10842708333333334 0.19594444444444445
31 0.5173489583333333 0.2703055555555556 0.11327083333333333 0.20324074074074075
6 0.3976979166666667 0.23452777777777778 0.09070312500000001 0.19449074074074074