31 0.6744895833333333 0.8428425925925925 0.11118229166666667 0.2028888888888889
25 0.5358541666666666 0.791537037037037 0.094859375 0.1892037037037037
4 0.3805104166666667 0.7623333333333334 0.12341666666666667 0.1814074074074074
17 0.242453125 0.6615 0.118890625 0.1970925925925926
9 0.32928125 0.528888888888889 0.11660416666666666 0.2059814814814815
16 0.47777083333333337 0.603212962962963 0.11705729166666666 0.18932407407407406
0 0.6175937499999999 0.638175925925926 0.114484375 0.19592592592592592
22 0.7589479166666667 0.6574629629629629 0.0888125 0.2302685185185185
28 0.700546875 0.4430925925925926 0.103 0.1946574074074074
10 0.5761666666666667 0.42625 0.09022395833333333 0.2227222222222222
15 0.4284739583333333 0.42815740740740743 0.123375 0.17108333333333334
6 0.215625 0.43837037037037035 0.11378645833333333 0.1739074074074074
21 0.24834895833333331 0.21980555555555553 0.116484375 0.19670370370370371
7 0.383 0.2355648148148148 0.11763020833333333 0.18939814814814815
23 0.5118385416666666 0.24137962962962964 0.11447916666666667 0.20527777777777775
2 0.6399166666666667 0.18623148148148147 0.09575 0.2224074074074074
20 0.7498229166666667 0.2345925925925926 0.10211979166666667 0.21180555555555555