7 0.25502604166666665 0.1486388888888889 0.12156770833333333 0.1655462962962963
26 0.42383333333333334 0.19923148148148148 0.12558854166666666 0.15355555555555556
19 0.5498437500000001 0.20246296296296296 0.09850520833333333 0.21850925925925926
24 0.6708020833333334 0.2925277777777778 0.10046354166666666 0.21913888888888888
6 0.7709843749999999 0.22583333333333333 0.09911979166666667 0.19981481481481483
10 0.746390625 0.5021851851851852 0.10754166666666666 0.21153703703703705
28 0.6246562499999999 0.5818703703703704 0.11013541666666667 0.18359259259259259
9 0.5409947916666666 0.4385 0.11893229166666666 0.1800462962962963
15 0.3595520833333333 0.3669907407407408 0.118734375 0.18631481481481482
20 0.24961458333333333 0.44412037037037033 0.09009375 0.218
27 0.39921354166666667 0.5645370370370371 0.09874479166666666 0.19137962962962962
25 0.258046875 0.6783981481481481 0.095296875 0.18708333333333335
14 0.36602083333333335 0.8456944444444444 0.11305729166666666 0.20875
33 0.4854114583333333 0.6950185185185185 0.11741666666666667 0.18794444444444444
21 0.5560625 0.8574166666666666 0.096875 0.20719444444444446
3 0.703359375 0.7850185185185186 0.11674999999999999 0.20937962962962964