3 0.20821874999999998 0.8158888888888889 0.11494270833333334 0.20817592592592593
10 0.38134375 0.8120648148148147 0.12846354166666668 0.16566666666666666
6 0.291390625 0.6419444444444444 0.11305208333333333 0.20500925925925925
24 0.18239583333333334 0.44083333333333335 0.10544270833333333 0.2152777777777778
14 0.36891145833333333 0.4580648148148148 0.10049479166666667 0.2138148148148148
16 0.28310937500000005 0.32222222222222224 0.11536458333333334 0.20307407407407407
30 0.38631770833333334 0.1454537037037037 0.12682812499999999 0.15411111111111112
5 0.526859375 0.17394444444444446 0.09911979166666667 0.21852777777777777
8 0.6477708333333333 0.2061111111111111 0.10604687500000001 0.21753703703703703
28 0.48515104166666667 0.3586574074074074 0.11011458333333332 0.1618888888888889
12 0.502671875 0.830388888888889 0.09466666666666666 0.22666666666666668
1 0.622015625 0.8044814814814815 0.11541145833333334 0.2045833333333333
13 0.4988854166666667 0.5689814814814815 0.09095833333333332 0.19256481481481483
4 0.6308125 0.5696388888888889 0.11859895833333334 0.20972222222222223
31 0.74384375 0.8606481481481482 0.11053645833333332 0.1793611111111111
7 0.7588385416666666 0.6448333333333333 0.126859375 0.17151851851851851
32 0.7467395833333333 0.43027777777777776 0.11246354166666667 0.17303703703703704
27 0.7787291666666667 0.23178703703703704 0.09717187499999999 0.1925925925925926