0 0.2881770833333333 0.7865277777777778 0.11188541666666667 0.15983333333333333
11 0.44774479166666664 0.6890277777777778 0.11516666666666667 0.20302777777777778
26 0.54303125 0.8285740740740741 0.11662499999999999 0.21508333333333332
27 0.7060937500000001 0.7625185185185185 0.1014375 0.19699074074074074
32 0.712203125 0.5048888888888888 0.11948958333333333 0.19783333333333333
28 0.6020625000000001 0.3344537037037037 0.109125 0.18987037037037038
5 0.7150260416666666 0.24707407407407406 0.11659375000000001 0.19875
25 0.45237499999999997 0.3139166666666666 0.114453125 0.20377777777777778
29 0.363875 0.5031481481481481 0.10523958333333333 0.19493518518518518
22 0.543296875 0.5664351851851852 0.10681770833333333 0.21162962962962964
14 0.2300208333333333 0.43127777777777776 0.09936979166666667 0.21673148148148147