0 0.3691302083333333 0.19578703703703704 0.10658854166666668 0.15237037037037038
32 0.4753072916666667 0.22923148148148148 0.10055729166666666 0.19303703703703703
31 0.5970416666666666 0.19332407407407406 0.10802083333333333 0.1738148148148148
4 0.7197239583333332 0.21702777777777776 0.11459895833333333 0.20803703703703705
10 0.7904114583333333 0.4019907407407407 0.1281875 0.16829629629629628
27 0.639953125 0.3956574074074074 0.11594791666666666 0.20425000000000001
26 0.5108020833333333 0.46369444444444446 0.09272395833333333 0.2208148148148148
18 0.39841145833333336 0.4580462962962963 0.11423437500000001 0.2011574074074074
29 0.29961458333333335 0.39258333333333334 0.09679166666666666 0.18750925925925926
25 0.18806770833333333 0.37716666666666665 0.109234375 0.18294444444444447
30 0.21985416666666666 0.5968333333333333 0.12675 0.1663611111111111
3 0.217265625 0.8096851851851852 0.12213541666666666 0.18062037037037038
5 0.33225 0.7074907407407408 0.09564062499999999 0.22086111111111112
20 0.451296875 0.7007592592592593 0.12163541666666666 0.16737037037037036
13 0.6232343749999999 0.6431388888888889 0.11464583333333334 0.1841574074074074
28 0.5702864583333334 0.8597777777777778 0.10655729166666666 0.1564537037037037
19 0.7709895833333333 0.622212962962963 0.12924479166666666 0.15988888888888889
12 0.7557552083333333 0.8287037037037037 0.11924479166666666 0.20853703703703705