28 0.32032812499999996 0.7984444444444445 0.09544270833333333 0.19745370370370371
27 0.19442187500000002 0.4237222222222222 0.10469270833333333 0.16637037037037036
26 0.5655677083333334 0.20613888888888887 0.12630729166666665 0.1514351851851852
25 0.4423229166666667 0.1916388888888889 0.09604166666666666 0.1897962962962963
24 0.7403333333333334 0.4506018518518518 0.09836458333333334 0.22330555555555553
23 0.32283333333333336 0.18550925925925926 0.096890625 0.188
21 0.21894791666666666 0.20142592592592592 0.0868125 0.1903425925925926
34 0.4763645833333333 0.851537037037037 0.12708333333333333 0.17440740740740743
6 0.18935416666666666 0.6143611111111111 0.11172395833333333 0.16898148148148148
14 0.32673958333333336 0.38662962962962966 0.12268229166666668 0.17058333333333334
15 0.6029531250000001 0.4095 0.11619791666666666 0.20335185185185187
18 0.6876354166666666 0.24570370370370373 0.12402083333333333 0.1775925925925926
19 0.45089062500000004 0.6397407407407407 0.11274999999999999 0.20242592592592593
7 0.4744322916666667 0.40753703703703703 0.114453125 0.20195370370370372
8 0.6176979166666666 0.8044351851851852 0.12849479166666666 0.17019444444444445
9 0.5594427083333334 0.6028796296296296 0.11429687499999999 0.2002037037037037
10 0.678921875 0.6261481481481481 0.11603645833333333 0.2038333333333333
16 0.32558333333333334 0.5928703703703704 0.123453125 0.174
17 0.8105052083333334 0.24279629629629632 0.09841666666666667 0.22496296296296298