33 0.16979687499999999 0.7539907407407407 0.11664583333333334 0.19791666666666666
11 0.2965625 0.7538796296296297 0.10416666666666667 0.2004074074074074
5 0.23619270833333333 0.5522407407407407 0.12036979166666667 0.1930648148148148
3 0.17027604166666668 0.3658611111111111 0.10198958333333333 0.21611111111111111
17 0.30351041666666667 0.3524259259259259 0.11869270833333333 0.20912037037037037
10 0.3608958333333333 0.1564259259259259 0.09590625 0.22548148148148148
28 0.48033333333333333 0.19162962962962965 0.104171875 0.20469444444444443
32 0.43598437500000004 0.392037037037037 0.10964583333333335 0.18518518518518517
20 0.36898437500000003 0.5794259259259259 0.11423958333333334 0.19847222222222222
22 0.5163072916666667 0.5428055555555555 0.11545833333333334 0.20289814814814813
29 0.4986041666666667 0.8133981481481481 0.11229166666666666 0.2009351851851852
4 0.6158020833333333 0.7178333333333333 0.11645833333333333 0.20594444444444443
18 0.7434166666666666 0.7488611111111111 0.123078125 0.19125925925925927
30 0.7270156249999999 0.49520370370370376 0.12949479166666666 0.16837037037037036
0 0.5875052083333333 0.3791851851851852 0.115703125 0.19397222222222224
13 0.722515625 0.27907407407407403 0.10602083333333333 0.20353703703703704
31 0.6088802083333333 0.18112962962962964 0.11253125 0.2017962962962963