21 0.21486979166666667 0.23690740740740743 0.1066875 0.15076851851851852
6 0.3521822916666667 0.2002685185185185 0.10858854166666668 0.16408333333333333
24 0.48428645833333334 0.19997222222222222 0.12480729166666667 0.14903703703703705
7 0.631609375 0.22693518518518518 0.11146354166666667 0.20199074074074075
8 0.7488020833333333 0.28503703703703703 0.09145833333333334 0.22447222222222224
33 0.76715625 0.513287037037037 0.11514583333333334 0.2047962962962963
16 0.6337239583333333 0.44111111111111106 0.10571875 0.21049074074074076
18 0.4859114583333334 0.3915925925925926 0.11883854166666666 0.18358333333333335
23 0.32342708333333337 0.39767592592592593 0.11183333333333333 0.19246296296296297
14 0.210390625 0.4765 0.11628645833333334 0.2035462962962963
0 0.212234375 0.709462962962963 0.108578125 0.15587962962962962
17 0.325625 0.6195925925925926 0.11568229166666667 0.20719444444444446
10 0.4375572916666667 0.6107314814814815 0.103921875 0.2164722222222222
11 0.3857552083333333 0.8140092592592593 0.11009895833333333 0.2025925925925926
15 0.5430052083333333 0.6241851851851852 0.09155729166666667 0.22466666666666665
34 0.520625 0.8449074074074074 0.12598437499999998 0.1766388888888889
19 0.6761145833333334 0.6963148148148148 0.11856770833333334 0.20730555555555555