14 0.18136979166666667 0.580212962962963 0.12456770833333333 0.17141666666666666
23 0.19246875000000002 0.3594259259259259 0.09564062499999999 0.18600925925925924
24 0.25628125 0.20314814814814816 0.12813541666666667 0.15724074074074074
26 0.31830729166666666 0.4126388888888889 0.09309895833333333 0.22512962962962962
31 0.3287552083333333 0.7092222222222223 0.10466666666666667 0.1702037037037037
13 0.4596041666666667 0.8550648148148149 0.111671875 0.17069444444444443
19 0.488515625 0.6436481481481481 0.12674479166666666 0.1591574074074074
25 0.4453697916666667 0.43044444444444446 0.11034895833333333 0.18289814814814814
15 0.382140625 0.22441666666666668 0.12705729166666666 0.16555555555555557
5 0.6089479166666667 0.8772314814814814 0.120296875 0.2006851851851852
27 0.6272447916666667 0.6576666666666666 0.09818229166666666 0.19295370370370368
32 0.7456458333333333 0.8885277777777778 0.11263541666666667 0.18514814814814815
20 0.7688229166666667 0.6794814814814815 0.12386979166666667 0.1875925925925926
28 0.784296875 0.45157407407407407 0.091890625 0.19348148148148148
22 0.7524427083333334 0.2613055555555555 0.12982291666666665 0.16348148148148148
18 0.5683958333333333 0.4260648148148148 0.09600520833333334 0.21994444444444444
10 0.6770625 0.4438796296296296 0.09400520833333334 0.2268611111111111
17 0.5022135416666667 0.23478703703703704 0.12402604166666667 0.1813611111111111
9 0.6267656250000001 0.23412962962962963 0.12297916666666667 0.17913888888888888