7 0.7788489583333333 0.8777314814814815 0.12532291666666667 0.16962037037037037
12 0.7948072916666666 0.6630185185185185 0.12607291666666667 0.17212962962962963
29 0.6728020833333334 0.6527314814814815 0.09602604166666667 0.1895462962962963
11 0.5299427083333333 0.41385185185185186 0.09567708333333333 0.18675
0 0.5823020833333333 0.20023148148148148 0.09427604166666666 0.19560185185185186
22 0.7161770833333333 0.23149074074074072 0.12875 0.15488888888888888
10 0.6596979166666667 0.4254907407407407 0.12786979166666665 0.15916666666666668
4 0.7877864583333333 0.43451851851851847 0.09514062499999999 0.22669444444444445
33 0.5474322916666666 0.6089814814814816 0.122015625 0.1648425925925926
32 0.4121302083333333 0.806861111111111 0.11008854166666666 0.1798611111111111
34 0.5290989583333333 0.8498333333333333 0.12606770833333333 0.17298148148148149
6 0.65271875 0.8558981481481481 0.10874479166666666 0.16699074074074075
31 0.2979583333333334 0.791212962962963 0.097453125 0.19150925925925927
30 0.323984375 0.3316388888888889 0.12310937500000001 0.17966666666666667
17 0.4311302083333333 0.2632222222222222 0.09172916666666667 0.22683333333333333
1 0.42811458333333335 0.5194537037037037 0.09949479166666667 0.21309259259259258
2 0.1726875 0.7833333333333333 0.09106770833333333 0.22965740740740742
3 0.31123958333333335 0.5386018518518519 0.11275520833333334 0.19962037037037036