3 0.240421875 0.8440833333333333 0.122875 0.18112037037037038
10 0.37709375 0.8778148148148148 0.12905729166666666 0.16503703703703704
12 0.5018489583333333 0.8312222222222222 0.09479166666666666 0.2260925925925926
30 0.24805729166666665 0.6566759259259259 0.12855208333333332 0.16896296296296295
6 0.37809375 0.6847407407407408 0.11117187499999999 0.1674351851851852
13 0.49796875 0.5690925925925926 0.09028125000000001 0.1932037037037037
14 0.36833333333333335 0.4592314814814815 0.10107812499999999 0.21383333333333332
28 0.48609375 0.35650925925925925 0.11186458333333334 0.1655925925925926
16 0.28196354166666665 0.32462037037037034 0.11635416666666668 0.2020648148148148
11 0.37466145833333336 0.16587962962962963 0.113703125 0.20483333333333334
5 0.526546875 0.1813796296296296 0.100296875 0.21526851851851853
24 0.181890625 0.4419444444444445 0.105328125 0.21628703703703703
1 0.6207812500000001 0.8053518518518519 0.11535416666666666 0.20399074074074075
32 0.7505000000000001 0.8583055555555555 0.11305729166666666 0.18156481481481482
7 0.7588541666666667 0.6581018518518519 0.12595833333333334 0.17575
4 0.6295416666666667 0.5710462962962963 0.11733854166666666 0.20856481481481481
31 0.7523541666666667 0.4565925925925926 0.10284895833333334 0.19341666666666665
8 0.648328125 0.2084537037037037 0.10793229166666667 0.21442592592592594
27 0.7752916666666666 0.2416296296296296 0.09597916666666667 0.18822222222222224