21 0.3133854166666667 0.3735 0.11621354166666667 0.19519444444444445
17 0.20511458333333332 0.45349074074074075 0.09173958333333333 0.22741666666666668
12 0.36661979166666664 0.566574074074074 0.11163020833333334 0.201
19 0.5113385416666667 0.5961203703703704 0.12414062499999999 0.17289814814814813
4 0.6587552083333333 0.6497685185185185 0.12872395833333333 0.16185185185185186
13 0.408390625 0.8157222222222222 0.09397916666666667 0.2016388888888889
5 0.26446875 0.7465462962962963 0.12485416666666667 0.16349074074074074
18 0.5194583333333334 0.8552870370370371 0.09427604166666666 0.22559259259259257
31 0.6376875 0.8556944444444444 0.10853125 0.17600000000000002
32 0.7705989583333334 0.8199722222222222 0.11215104166666667 0.16443518518518518
20 0.35967187500000003 0.16267592592592592 0.12280208333333334 0.17056481481481484
24 0.48709895833333333 0.1595925925925926 0.11347395833333333 0.20397222222222222
30 0.8053958333333333 0.6063518518518519 0.12764583333333335 0.17895370370370373
29 0.8325572916666667 0.42387037037037034 0.09669791666666666 0.19356481481481483
9 0.6984427083333333 0.44684259259259257 0.125078125 0.1708148148148148
10 0.5673697916666666 0.3554907407407408 0.116875 0.19001851851851853
3 0.7300416666666667 0.21280555555555555 0.104390625 0.21635185185185185
2 0.6194375 0.17089814814814813 0.12005729166666666 0.1933703703703704