1 0.18488020833333335 0.8042592592592592 0.106015625 0.21482407407407406
29 0.24428124999999998 0.5952500000000001 0.117921875 0.20732407407407408
24 0.31018229166666667 0.7722037037037037 0.11608333333333333 0.20698148148148146
31 0.19969270833333336 0.4148148148148148 0.11756770833333333 0.20522222222222222
33 0.33699999999999997 0.39729629629629626 0.11762500000000001 0.19123148148148147
15 0.39438541666666665 0.5708518518518518 0.09017708333333332 0.22482407407407407
2 0.4509375 0.7748611111111111 0.09861979166666666 0.22774074074074074
25 0.6061145833333333 0.8271203703703703 0.106015625 0.20353703703703704
20 0.7577760416666667 0.7909166666666667 0.092640625 0.2237777777777778
7 0.6623177083333334 0.6260277777777777 0.12103124999999999 0.1895648148148148
10 0.784640625 0.4643055555555555 0.0975625 0.22722222222222221
3 0.6374479166666667 0.4210185185185185 0.11563541666666667 0.20219444444444445
4 0.7258229166666667 0.2489351851851852 0.12905729166666666 0.16880555555555557
21 0.5686822916666666 0.27584259259259264 0.11539062500000001 0.1973888888888889
17 0.5191354166666666 0.5588518518518518 0.11791666666666667 0.20813888888888887
26 0.45348958333333333 0.3269907407407407 0.09093749999999999 0.2246203703703704
27 0.3618177083333334 0.1798888888888889 0.11703645833333334 0.21095370370370373