28 0.30040625 0.4648148148148148 0.11840625 0.19648148148148148
26 0.19065104166666666 0.4421481481481481 0.08722916666666666 0.22774074074074074
27 0.17048958333333333 0.6526018518518518 0.10724479166666666 0.17182407407407407
25 0.19764583333333335 0.20879629629629629 0.09477083333333333 0.18514814814814815
0 0.53625 0.2421851851851852 0.086109375 0.19202777777777777
33 0.31520312500000003 0.22646296296296298 0.09081770833333333 0.21950925925925927
15 0.31449479166666666 0.7223148148148149 0.11817708333333334 0.20908333333333334
14 0.4321770833333333 0.4516203703703704 0.09840625 0.21608333333333335
32 0.5368125 0.8355092592592592 0.11069270833333333 0.20077777777777778
31 0.7767031249999999 0.6344074074074074 0.10823958333333333 0.17217592592592593
29 0.6468802083333334 0.729537037037037 0.10570833333333333 0.17094444444444445
30 0.801046875 0.3067037037037037 0.09040625000000001 0.22774074074074074
18 0.5375885416666667 0.5361574074074074 0.09351041666666667 0.21992592592592594
16 0.6497604166666666 0.2665462962962963 0.10506770833333333 0.2146759259259259
8 0.4282864583333333 0.674962962962963 0.104671875 0.2171574074074074
23 0.42766145833333336 0.2303888888888889 0.09578125 0.18930555555555553
9 0.6811302083333334 0.4746018518518519 0.12163020833333334 0.18676851851851853