5 0.22730729166666666 0.20697222222222222 0.11890104166666667 0.19094444444444444
23 0.26635416666666667 0.4121111111111111 0.10465624999999999 0.19697222222222222
30 0.20732291666666666 0.6001296296296296 0.12992708333333333 0.15364814814814814
32 0.337890625 0.6479444444444444 0.11021875 0.19887962962962963
6 0.3227760416666667 0.8428796296296296 0.113984375 0.17365740740740743
14 0.38391145833333334 0.46325925925925926 0.11288541666666667 0.19736111111111113
16 0.37683854166666664 0.21769444444444447 0.11649479166666667 0.2106388888888889
9 0.5001302083333333 0.23637037037037037 0.12004687500000001 0.1804074074074074
24 0.518109375 0.45314814814814813 0.11458854166666667 0.1963703703703704
8 0.63959375 0.28303703703703703 0.12015104166666667 0.19316666666666668
27 0.7799114583333334 0.2444722222222222 0.10630729166666668 0.19897222222222222
11 0.787109375 0.5060092592592592 0.098734375 0.19193518518518518
25 0.6536354166666667 0.5071296296296297 0.11293229166666667 0.19967592592592592
0 0.45775520833333333 0.6260555555555556 0.11102083333333333 0.19362962962962962
34 0.45712499999999995 0.8318240740740741 0.12792187500000002 0.16724074074074075
13 0.5689583333333333 0.6561944444444445 0.11037499999999999 0.20467592592592593
12 0.6639739583333333 0.7747685185185185 0.1033125 0.22073148148148147
22 0.7751822916666666 0.7656203703703703 0.086609375 0.23277777777777778