17 0.22102604166666667 0.3219537037037037 0.11748958333333334 0.20429629629629628
13 0.19596875 0.526712962962963 0.11380729166666666 0.17335185185185184
4 0.20461979166666666 0.7487037037037038 0.10908854166666666 0.21325925925925926
16 0.3219427083333333 0.7290277777777778 0.11743229166666666 0.2055462962962963
24 0.32441145833333335 0.4765740740740741 0.11683854166666667 0.2051666666666667
29 0.3456458333333333 0.2572314814814815 0.10994270833333333 0.1983425925925926
0 0.46904687500000003 0.25266666666666665 0.09649479166666668 0.19590740740740742
30 0.5837083333333334 0.20194444444444443 0.113734375 0.2009166666666667
5 0.7209427083333334 0.2236388888888889 0.11884375 0.21173148148148146
31 0.7272604166666666 0.4440740740740741 0.10837500000000001 0.19591666666666668
33 0.775234375 0.6528981481481482 0.09485416666666667 0.22185185185185186
22 0.6710416666666668 0.6908425925925926 0.10918229166666667 0.2173240740740741
20 0.5603854166666667 0.6119166666666667 0.11276041666666667 0.20062962962962963
26 0.451765625 0.7295092592592592 0.11390104166666666 0.20651851851851852
27 0.4584114583333333 0.49509259259259264 0.10018229166666666 0.1943611111111111
2 0.5993854166666667 0.4022314814814815 0.127953125 0.1590740740740741