3 0.231578125 0.3126111111111111 0.098484375 0.21617592592592594
24 0.39415625 0.1710648148148148 0.12615625 0.14937962962962964
13 0.5213645833333334 0.20099074074074075 0.09270833333333334 0.19264814814814815
14 0.66 0.22586111111111112 0.118734375 0.18603703703703703
29 0.7663489583333334 0.37916666666666665 0.10625520833333332 0.19647222222222221
26 0.6167239583333333 0.4075185185185185 0.11994270833333333 0.18453703703703705
8 0.49764583333333334 0.4158981481481482 0.11618750000000001 0.1962962962962963
5 0.364421875 0.3674444444444444 0.11914583333333333 0.18389814814814817
32 0.20434375 0.5344722222222222 0.11663541666666667 0.19415740740740742
34 0.34636979166666665 0.5947870370370371 0.12205208333333334 0.18462037037037035
1 0.4850052083333333 0.6209537037037037 0.12230208333333333 0.17097222222222222
31 0.623875 0.6177870370370371 0.111671875 0.19407407407407407
19 0.763890625 0.626712962962963 0.0908125 0.2270648148148148
33 0.727453125 0.8333703703703703 0.12124479166666666 0.19193518518518518
12 0.5823750000000001 0.8247685185185185 0.1169375 0.21038888888888888
18 0.4614114583333333 0.8361388888888889 0.10359895833333334 0.22048148148148147
27 0.3329270833333334 0.8071111111111111 0.11453125 0.20378703703703704
11 0.212921875 0.7783518518518519 0.11072395833333333 0.19067592592592594