0 0.16924999999999998 0.6484166666666666 0.10902083333333333 0.15936111111111112
33 0.2990729166666667 0.6386296296296297 0.11302083333333333 0.20312037037037037
1 0.417453125 0.7093981481481482 0.11800520833333333 0.2101574074074074
7 0.5363020833333334 0.7047592592592592 0.11430208333333333 0.20000925925925925
30 0.6724114583333333 0.8253888888888888 0.13024479166666666 0.16725925925925925
29 0.7875364583333333 0.7068796296296296 0.10541145833333333 0.2003425925925926
2 0.6651458333333333 0.6028703703703704 0.125703125 0.18306481481481482
3 0.5391666666666667 0.49271296296296296 0.122125 0.17149999999999999
4 0.41226041666666663 0.4644814814814815 0.11366145833333333 0.20364814814814813
12 0.3092552083333333 0.4188703703703704 0.11586458333333334 0.20053703703703704
16 0.19088541666666667 0.43292592592592594 0.12221875 0.1826574074074074
21 0.3461770833333333 0.19955555555555557 0.09330208333333333 0.19612037037037036
6 0.464203125 0.23596296296296296 0.10699479166666667 0.16174074074074074
34 0.5858854166666667 0.2778333333333333 0.11131770833333333 0.20628703703703702
11 0.6996770833333333 0.306787037037037 0.11374479166666666 0.20187962962962963
8 0.8032447916666666 0.46396296296296297 0.11959895833333332 0.2095