17 0.1918125 0.5768240740740741 0.0895625 0.22803703703703704
8 0.24978645833333332 0.3814166666666667 0.126125 0.16977777777777778
16 0.339265625 0.20489814814814813 0.09280208333333334 0.21912037037037038
22 0.39807812499999995 0.3852777777777778 0.12330729166666667 0.1691111111111111
23 0.3335885416666667 0.6264537037037038 0.11165625 0.19706481481481483
5 0.4081822916666667 0.8165833333333333 0.1228125 0.1727962962962963
12 0.5287291666666667 0.843537037037037 0.09600520833333334 0.2242222222222222
18 0.520625 0.6274259259259259 0.1199375 0.1837314814814815
30 0.49278125 0.4229351851851852 0.09096354166666668 0.22137037037037038
1 0.45308333333333334 0.16897222222222222 0.12106770833333333 0.16356481481481483
2 0.6075937499999999 0.2016574074074074 0.12688020833333333 0.1629722222222222
29 0.7270156249999999 0.20245370370370372 0.09526041666666667 0.18556481481481482
11 0.8124114583333333 0.4082777777777778 0.11185416666666666 0.1867222222222222
0 0.705 0.39055555555555554 0.11100520833333333 0.16937037037037037
34 0.586890625 0.43824074074074076 0.08868229166666668 0.22381481481481483
13 0.66171875 0.6154259259259259 0.10864583333333333 0.15918518518518518
4 0.652578125 0.8089259259259259 0.12646875 0.17530555555555558
31 0.7781354166666666 0.8252499999999999 0.10997916666666667 0.1781574074074074
32 0.791765625 0.6271944444444445 0.10929166666666666 0.16268518518518518