0 0.43758854166666666 0.3532685185185185 0.10552083333333333 0.1508796296296296
32 0.358125 0.583925925925926 0.10910937500000001 0.16714814814814816
11 0.5113125000000001 0.7567314814814815 0.09340625 0.18536111111111112
22 0.6214270833333334 0.6652314814814815 0.12835416666666666 0.15126851851851852
29 0.676171875 0.20442592592592593 0.0969375 0.18644444444444447
30 0.6121041666666667 0.4651111111111111 0.12575 0.1670925925925926
31 0.26828645833333337 0.7833333333333333 0.105859375 0.1985648148148148
33 0.5548541666666666 0.27438888888888885 0.12256249999999999 0.1584074074074074
5 0.48314583333333333 0.5535462962962964 0.12205208333333334 0.1690648148148148
13 0.3142760416666667 0.38031481481481483 0.11393229166666667 0.18458333333333332
20 0.35580729166666664 0.18129629629629632 0.11881770833333333 0.18862037037037038
4 0.76678125 0.3485 0.127390625 0.16997222222222222
3 0.75165625 0.5574166666666667 0.09543229166666665 0.22125
2 0.7492135416666666 0.7811759259259259 0.13121354166666668 0.1669074074074074
1 0.38393229166666665 0.7952222222222223 0.12401041666666666 0.1682037037037037
12 0.23505729166666667 0.5623148148148148 0.10405208333333334 0.21559259259259259