1 0.186015625 0.8063055555555555 0.10614583333333334 0.21617592592592594
19 0.30842187499999996 0.8042407407407408 0.09128645833333333 0.23028703703703704
2 0.4339166666666667 0.8424907407407407 0.09868229166666667 0.22944444444444445
26 0.54584375 0.8444259259259259 0.09177083333333333 0.23158333333333334
28 0.6613020833333334 0.8392314814814815 0.08759895833333334 0.19742592592592592
20 0.78109375 0.8008981481481482 0.12018749999999999 0.21414814814814814
7 0.6548333333333333 0.6443796296296296 0.12363020833333334 0.17461111111111113
3 0.6531145833333334 0.42577777777777776 0.11040104166666667 0.20587037037037037
4 0.7265729166666667 0.24985185185185182 0.1286875 0.1686111111111111
10 0.785578125 0.46422222222222226 0.09800520833333333 0.22661111111111112
17 0.5209114583333333 0.5610925925925926 0.11738541666666666 0.2087314814814815
15 0.38317708333333333 0.5421759259259259 0.09708333333333334 0.22058333333333333
29 0.24547916666666666 0.5969259259259259 0.11811458333333333 0.20813888888888887
31 0.27024479166666665 0.39323148148148146 0.09683854166666667 0.18730555555555556
21 0.348171875 0.18875 0.10847916666666667 0.1594814814814815
33 0.45142187500000003 0.26369444444444445 0.111203125 0.19800925925925925
18 0.56446875 0.284962962962963 0.09482291666666667 0.21971296296296294