11 0.21659375 0.7591666666666667 0.11811458333333333 0.2105
27 0.3330364583333333 0.8068055555555556 0.11432812499999999 0.20466666666666666
18 0.46137500000000004 0.8358518518518518 0.10329166666666666 0.2173425925925926
1 0.4854114583333333 0.6215740740740741 0.12247916666666667 0.16948148148148148
34 0.34671875 0.5955740740740741 0.12263020833333332 0.18660185185185185
32 0.20392708333333334 0.5343611111111112 0.11611458333333333 0.19556481481481483
3 0.23155208333333333 0.31310185185185185 0.09868229166666667 0.21621296296296297
5 0.3647239583333333 0.36717592592592596 0.11928645833333333 0.18175
13 0.522828125 0.20112962962962963 0.09453645833333332 0.1998703703703704
24 0.3955364583333333 0.1697685185185185 0.12627604166666667 0.1542037037037037
8 0.49826041666666665 0.4178425925925926 0.11653125 0.19357407407407407
14 0.6573125 0.22893518518518519 0.12066145833333333 0.1850185185185185
26 0.6173906250000001 0.40974074074074074 0.12136458333333335 0.18616666666666667
31 0.7434166666666666 0.40296296296296297 0.110921875 0.17752777777777776
19 0.76425 0.6257314814814815 0.09077604166666667 0.2267685185185185
33 0.7279635416666667 0.8347129629629629 0.123421875 0.1933425925925926
12 0.582890625 0.8244444444444444 0.11790104166666666 0.20321296296296296