15 0.2694947916666666 0.2754259259259259 0.11745312499999999 0.2060648148148148
23 0.24441666666666664 0.6129074074074075 0.09941666666666667 0.19373148148148148
9 0.32916666666666666 0.45433333333333337 0.11513541666666667 0.20321296296296296
8 0.3050729166666667 0.8004537037037037 0.12865625 0.1668148148148148
16 0.4448385416666667 0.8123888888888889 0.12369270833333333 0.17626851851851852
25 0.5932864583333333 0.8014444444444444 0.114828125 0.2039351851851852
26 0.7228645833333334 0.8552407407407407 0.13002083333333334 0.17003703703703701
27 0.7982656250000001 0.6768518518518518 0.116953125 0.20429629629629628
14 0.3903125 0.6200833333333334 0.10515104166666665 0.2113888888888889
7 0.5237083333333333 0.6269074074074074 0.11602083333333332 0.20721296296296296
21 0.4690052083333333 0.4520648148148148 0.10821354166666668 0.1956111111111111
24 0.6246614583333333 0.44655555555555554 0.12168749999999999 0.18376851851851853
19 0.6433541666666667 0.2382685185185185 0.11707291666666667 0.209