20 0.5114375 0.18226851851851852 0.12160416666666667 0.16061111111111112
13 0.6753697916666667 0.24468518518518517 0.11083333333333334 0.16550925925925927
11 0.76090625 0.4109351851851852 0.10408854166666666 0.16519444444444445
29 0.7560260416666666 0.6111111111111112 0.10370833333333333 0.16472222222222221
27 0.6483385416666666 0.4956574074074074 0.10711458333333333 0.19618518518518518
8 0.5512760416666667 0.385 0.114078125 0.20174074074074075
26 0.432796875 0.35474074074074075 0.10280208333333334 0.21449074074074076
25 0.3304270833333333 0.36495370370370367 0.10691145833333333 0.19616666666666668
33 0.20404166666666665 0.344287037037037 0.12319791666666666 0.16519444444444445
0 0.1930625 0.5584722222222221 0.095734375 0.20097222222222225
34 0.21846875 0.7785370370370371 0.0960625 0.22839814814814813
9 0.3197395833333333 0.6006111111111111 0.116390625 0.19703703703703704
1 0.35528125 0.814787037037037 0.11077604166666667 0.20575925925925925
12 0.4662395833333333 0.5852685185185186 0.11240104166666667 0.19896296296296295
3 0.4971979166666667 0.8397222222222221 0.11088541666666667 0.21152777777777776
22 0.5931562499999999 0.6745925925925925 0.113796875 0.2002037037037037
28 0.6489791666666667 0.8807592592592592 0.11152604166666666 0.17430555555555555
2 0.7724166666666666 0.834925925925926 0.11686458333333333 0.21017592592592593