22 0.20534895833333333 0.20195370370370372 0.11638541666666667 0.20675
15 0.31177083333333333 0.20912962962962964 0.10455208333333334 0.21644444444444444
23 0.42305208333333333 0.17537962962962964 0.100015625 0.19549074074074074
19 0.5935 0.2060925925925926 0.12716145833333334 0.16412962962962963
11 0.7616979166666666 0.21505555555555556 0.10451562499999999 0.19771296296296295
26 0.7746614583333333 0.41185185185185186 0.12261979166666667 0.19566666666666666
20 0.769640625 0.6463055555555556 0.1164375 0.20158333333333334
0 0.7629791666666667 0.8598148148148148 0.11315625 0.16696296296296295
18 0.331109375 0.8197962962962962 0.12059895833333334 0.2135462962962963
34 0.20542708333333334 0.4615648148148148 0.09814062500000001 0.22364814814814815
21 0.3069270833333333 0.5193796296296296 0.09373958333333333 0.19362962962962962
2 0.5530416666666667 0.8133148148148148 0.11865104166666667 0.21178703703703702
9 0.42976041666666664 0.6815740740740741 0.11967187500000001 0.1903240740740741
33 0.6244427083333334 0.669212962962963 0.11667708333333333 0.2096851851851852
25 0.4343125 0.4863981481481481 0.10635416666666667 0.19671296296296295
29 0.530546875 0.4684259259259259 0.11609895833333334 0.2059074074074074
17 0.650515625 0.4641851851851852 0.09522395833333334 0.2250925925925926