15 0.30728645833333335 0.831537037037037 0.110984375 0.21471296296296294
28 0.286328125 0.6033518518518518 0.09118229166666666 0.19356481481481483
27 0.171609375 0.6268703703703703 0.10728645833333333 0.1699074074074074
26 0.19205208333333335 0.41735185185185186 0.08653124999999999 0.2262222222222222
0 0.30590625 0.41374074074074074 0.09629166666666666 0.19530555555555557
25 0.199484375 0.1833611111111111 0.09488541666666667 0.18621296296296297
24 0.32869270833333336 0.2251388888888889 0.126921875 0.16506481481481483
23 0.42305208333333333 0.3684074074074074 0.09729166666666668 0.1896851851851852
21 0.4587864583333333 0.18888888888888888 0.08972916666666667 0.19210185185185186
6 0.399484375 0.5946851851851852 0.09749479166666666 0.19985185185185186
8 0.4285625 0.7936481481481481 0.12797395833333333 0.16567592592592592
14 0.514296875 0.5876666666666667 0.10265624999999999 0.21366666666666667
7 0.5716666666666667 0.8020648148148148 0.09468229166666667 0.2248611111111111
18 0.7195729166666667 0.8409537037037037 0.127328125 0.17239814814814813
29 0.7797135416666666 0.6126111111111111 0.10602083333333333 0.1688888888888889
2 0.66040625 0.6389259259259259 0.13013541666666667 0.167287037037037
1 0.6209270833333334 0.2106388888888889 0.12330208333333334 0.16603703703703704
34 0.7455364583333334 0.22262037037037039 0.12617708333333333 0.17766666666666667
16 0.543390625 0.3753888888888889 0.09314583333333333 0.21968518518518518
17 0.6520208333333334 0.4230277777777778 0.09070312500000001 0.22794444444444445
9 0.77553125 0.39367592592592593 0.12519791666666666 0.17633333333333334