6 0.21361979166666664 0.20302777777777778 0.11494791666666666 0.19171296296296297
7 0.20221875 0.42006481481481484 0.09510416666666667 0.22089814814814815
10 0.21144270833333334 0.6494537037037037 0.12078645833333333 0.1981574074074074
21 0.34453125 0.8132592592592593 0.11359375 0.1730648148148148
1 0.3470833333333333 0.6113055555555555 0.12332291666666667 0.17339814814814816
8 0.3172916666666667 0.402712962962963 0.11085416666666667 0.2086111111111111
3 0.34418750000000004 0.19924074074074075 0.12253125 0.17571296296296296
32 0.48843749999999997 0.22925 0.09018229166666666 0.19698148148148148
9 0.4453125 0.43510185185185185 0.10603645833333333 0.20944444444444443
19 0.4582447916666667 0.7575740740740741 0.11131770833333333 0.21025925925925928
14 0.5326927083333334 0.6206574074074074 0.11442708333333333 0.20053703703703704
11 0.6020520833333334 0.8048055555555556 0.11915104166666667 0.21387962962962964
18 0.734984375 0.8072777777777778 0.12425520833333333 0.1932777777777778
25 0.7739479166666666 0.6040092592592593 0.11641145833333333 0.20284259259259257
28 0.65034375 0.6178981481481481 0.11919791666666667 0.19780555555555554
23 0.7016666666666667 0.4587685185185185 0.11567708333333333 0.20366666666666666
34 0.7518645833333333 0.2713611111111111 0.09078125000000001 0.22732407407407407
15 0.6315833333333334 0.24622222222222223 0.12490104166666667 0.17869444444444446
12 0.5768020833333334 0.43382407407407403 0.09305208333333333 0.21891666666666668