22 0.21865625 0.23734259259259258 0.09504166666666666 0.2114722222222222
3 0.37520312499999997 0.1623425925925926 0.11177083333333333 0.20216666666666666
1 0.5521406249999999 0.19660185185185186 0.09219270833333333 0.22012037037037036
0 0.7237343749999999 0.17476851851851852 0.106125 0.2000462962962963
10 0.7908177083333333 0.4013425925925926 0.12891145833333334 0.1679351851851852
27 0.6411927083333333 0.3950462962962963 0.11713020833333333 0.20722222222222222
26 0.5395885416666667 0.45037037037037037 0.09924479166666668 0.21616666666666667
18 0.40165104166666665 0.3914074074074074 0.123359375 0.1678703703703704
25 0.28361458333333334 0.4134351851851852 0.11490625 0.1994537037037037
30 0.19639583333333333 0.48876851851851855 0.10237500000000001 0.21601851851851853
2 0.1916145833333333 0.8119259259259259 0.09124479166666667 0.22965740740740742
33 0.319328125 0.6565740740740741 0.11378645833333333 0.19887037037037036
34 0.3193072916666667 0.8580925925925926 0.12924479166666666 0.16471296296296295
20 0.45420312500000004 0.5878055555555556 0.11560416666666667 0.19132407407407406
31 0.48678645833333334 0.8270185185185185 0.10945833333333334 0.18317592592592594
13 0.6228072916666666 0.6441851851851852 0.11423958333333334 0.18391666666666667
28 0.6390677083333334 0.8227777777777778 0.11147395833333333 0.17967592592592593
19 0.7713072916666667 0.6218703703703704 0.129046875 0.15892592592592591
12 0.7615364583333334 0.8282685185185185 0.11073958333333334 0.21103703703703702