3 0.231921875 0.31269444444444444 0.09858854166666667 0.2172222222222222
24 0.39474479166666665 0.16771296296296295 0.128515625 0.1523611111111111
31 0.7429375 0.40367592592592594 0.11180208333333333 0.17559259259259258
14 0.6605000000000001 0.2259074074074074 0.117171875 0.1862037037037037
26 0.6164583333333333 0.40737962962962965 0.12075 0.18512037037037038
29 0.64740625 0.6343425925925926 0.11836458333333333 0.20942592592592593
19 0.7642291666666666 0.6264166666666666 0.09158854166666666 0.22955555555555554
33 0.727625 0.8343425925925926 0.12194791666666666 0.19037037037037036
12 0.5823958333333333 0.8248148148148148 0.11839583333333333 0.20941666666666667
5 0.36602083333333335 0.3655833333333333 0.11958333333333333 0.18408333333333335
8 0.49428645833333335 0.41478703703703707 0.11896875 0.19783333333333333
32 0.20404166666666665 0.5333518518518519 0.11667708333333333 0.1930740740740741
11 0.20266145833333335 0.7680370370370371 0.112515625 0.19344444444444445
34 0.34663541666666664 0.594212962962963 0.12182291666666667 0.18362037037037038
27 0.33334375 0.806425925925926 0.11419791666666666 0.20209259259259257
1 0.4848645833333334 0.6206944444444444 0.12128645833333333 0.16815740740740742
18 0.4612864583333333 0.8356296296296296 0.10339583333333334 0.21873148148148147
13 0.5214166666666666 0.20030555555555557 0.09196354166666666 0.1932037037037037