34 0.2055260416666667 0.4617314814814815 0.09822395833333333 0.22301851851851853
21 0.30716666666666664 0.5200185185185185 0.09389583333333333 0.19268518518518518
18 0.33225 0.8202222222222223 0.11981770833333334 0.21608333333333335
2 0.55334375 0.8133518518518518 0.11827083333333334 0.21275925925925926
9 0.430078125 0.6822777777777778 0.119375 0.1900925925925926
25 0.434 0.4868148148148148 0.104765625 0.19691666666666666
22 0.5356458333333334 0.41120370370370374 0.10644791666666667 0.21175925925925926
15 0.3120833333333334 0.20896296296296296 0.10509895833333333 0.21708333333333332
23 0.42378125 0.17612962962962964 0.09990625 0.19571296296296298
29 0.699171875 0.8461388888888889 0.10921354166666666 0.17687037037037037
33 0.624609375 0.6698333333333333 0.11617187500000001 0.20737037037037037
20 0.7698385416666667 0.646537037037037 0.11688541666666666 0.2023148148148148
17 0.6508906250000001 0.4643888888888889 0.09572916666666667 0.22777777777777777
26 0.7751770833333332 0.41180555555555554 0.121921875 0.19315740740740742
19 0.5935520833333333 0.2063888888888889 0.12702083333333333 0.16337962962962962
0 0.7483489583333333 0.21824074074074074 0.11475520833333334 0.1700648148148148