23 0.227421875 0.18092592592592593 0.09480729166666667 0.18512037037037038
21 0.35291666666666666 0.19139814814814815 0.10829166666666666 0.15667592592592594
10 0.48111458333333335 0.17294444444444446 0.12652083333333333 0.1691574074074074
24 0.21062499999999998 0.4384537037037037 0.09375520833333333 0.22607407407407407
9 0.3344270833333333 0.41275 0.103875 0.21549074074074073
7 0.47278125 0.40574074074074074 0.100875 0.21305555555555555
15 0.27531770833333336 0.6377314814814815 0.121328125 0.19353703703703704
4 0.3495989583333333 0.820787037037037 0.11949479166666667 0.21212037037037038
5 0.4883020833333333 0.8822222222222221 0.12530729166666668 0.17160185185185187
16 0.46013020833333335 0.6478796296296296 0.09638541666666667 0.22062962962962962
3 0.6090260416666666 0.8043148148148148 0.12601041666666665 0.17285185185185187
32 0.608234375 0.6046296296296296 0.11084895833333334 0.15935185185185186
29 0.5972604166666666 0.3900648148148148 0.10590625000000001 0.16770370370370372
14 0.6162291666666667 0.19241666666666668 0.09739583333333333 0.2189259259259259
30 0.7611614583333334 0.20421296296296299 0.09651562500000001 0.22466666666666665
2 0.7799114583333334 0.43014814814814817 0.0960625 0.23079629629629628
17 0.782734375 0.6540833333333333 0.11680729166666667 0.21047222222222223
31 0.7250624999999999 0.8525185185185186 0.11441145833333333 0.19152777777777777