33 0.17788020833333332 0.7783703703703704 0.09086979166666667 0.22225
11 0.18516145833333333 0.47579629629629633 0.11165625 0.19962962962962963
12 0.31857291666666665 0.7732407407407408 0.093984375 0.22447222222222224
20 0.3525989583333333 0.5779444444444444 0.1143125 0.19804629629629628
17 0.31171875 0.3600833333333333 0.126171875 0.17746296296296296
10 0.35757291666666663 0.1565462962962963 0.09552604166666666 0.22464814814814815
28 0.47059375 0.16530555555555557 0.102265625 0.2053611111111111
34 0.449171875 0.3919074074074074 0.12622916666666667 0.16203703703703703
1 0.49763541666666666 0.566212962962963 0.10883854166666666 0.2036574074074074
4 0.4594166666666667 0.7775740740740741 0.1238125 0.1791851851851852
18 0.6175677083333333 0.7723518518518518 0.12195833333333334 0.18802777777777777
0 0.6509427083333333 0.5597407407407408 0.10944270833333333 0.1585462962962963
13 0.6414739583333334 0.36568518518518517 0.11833333333333333 0.20822222222222223
29 0.615984375 0.16410185185185183 0.11748958333333334 0.2086574074074074
30 0.7688854166666667 0.22362037037037036 0.097296875 0.2253611111111111
2 0.7753645833333334 0.4593518518518519 0.0951875 0.2280648148148148
3 0.7661197916666667 0.6889444444444444 0.12009895833333334 0.20000925925925925