21 0.24806770833333333 0.22071296296296297 0.11623958333333334 0.19823148148148148
7 0.383125 0.23541666666666666 0.11840104166666668 0.19003703703703703
23 0.5117291666666667 0.24198148148148146 0.11525520833333333 0.2050925925925926
0 0.628484375 0.20562962962962963 0.11117708333333334 0.1940925925925926
20 0.749203125 0.23436111111111113 0.10256249999999999 0.21588888888888888
28 0.7 0.4440462962962963 0.103421875 0.19475925925925927
10 0.5761406250000001 0.42553703703703705 0.09057291666666667 0.22408333333333333
15 0.4285 0.4278888888888889 0.12399479166666666 0.17266666666666666
9 0.3290520833333333 0.528425925925926 0.11656770833333334 0.20517592592592593
6 0.215140625 0.43806481481481485 0.11384895833333333 0.17488888888888887
17 0.24166145833333333 0.66025 0.117640625 0.19882407407407407
4 0.370296875 0.7511388888888889 0.12475520833333334 0.17906481481481482
16 0.4780729166666667 0.6042685185185185 0.11736979166666667 0.19003703703703703
25 0.5361354166666668 0.791675925925926 0.09463541666666667 0.18839814814814815
22 0.6262864583333333 0.6460555555555556 0.12099479166666667 0.19068518518518518
33 0.719171875 0.8297222222222222 0.126796875 0.1655462962962963
30 0.7660885416666667 0.6094166666666666 0.12993749999999998 0.16274074074074074