23 0.22704166666666667 0.18091666666666664 0.09299479166666667 0.18180555555555555
21 0.3574895833333333 0.2190462962962963 0.11547916666666666 0.19558333333333333
7 0.47250000000000003 0.2150462962962963 0.09384895833333333 0.21503703703703705
14 0.6035885416666668 0.17017592592592592 0.09685416666666667 0.21575925925925926
15 0.7370104166666667 0.19940740740740742 0.120921875 0.1864722222222222
32 0.6471770833333333 0.44795370370370374 0.10659895833333333 0.15182407407407408
11 0.47315625 0.40593518518518523 0.10476041666666666 0.16977777777777778
9 0.34550000000000003 0.4323518518518519 0.11479687499999999 0.19672222222222224
24 0.19346354166666666 0.45946296296296296 0.09238541666666666 0.22247222222222224
29 0.19984375 0.7598055555555556 0.09555208333333334 0.18437037037037038
4 0.2974270833333333 0.6366759259259259 0.11520833333333333 0.19892592592592592
5 0.37716666666666665 0.8241481481481482 0.12435937500000001 0.16969444444444445
16 0.46034895833333334 0.6482685185185185 0.094984375 0.21903703703703703
6 0.558453125 0.8444999999999999 0.10980208333333333 0.16761111111111113
8 0.624328125 0.6617037037037037 0.09883333333333333 0.22208333333333333
17 0.7488385416666666 0.7778055555555555 0.09883854166666667 0.2310925925925926