23 0.22689583333333332 0.17967592592592593 0.09372395833333333 0.18207407407407405
21 0.35776041666666664 0.21890740740740738 0.11572395833333333 0.19432407407407407
7 0.47242708333333333 0.2142314814814815 0.09405208333333334 0.21588888888888888
14 0.6035677083333333 0.1704351851851852 0.097578125 0.21549074074074073
15 0.73903125 0.20210185185185187 0.12303125 0.17894444444444443
29 0.7560052083333333 0.5509907407407408 0.10846354166666666 0.17212962962962963
17 0.7488229166666667 0.7800555555555556 0.09847395833333333 0.23158333333333334
32 0.6478437499999999 0.4492962962962963 0.10739583333333333 0.1542037037037037
8 0.6246458333333333 0.6620462962962963 0.09888541666666667 0.2233425925925926
6 0.5585416666666667 0.8463518518518518 0.10916666666666666 0.16603703703703704
30 0.49055208333333333 0.43202777777777773 0.12539583333333332 0.15167592592592594
16 0.4598125 0.6495925925925925 0.09512499999999999 0.21889814814814815
5 0.377265625 0.8234074074074074 0.12477604166666666 0.16848148148148148
9 0.34534895833333334 0.43226851851851855 0.11479166666666667 0.1978148148148148
4 0.29768229166666665 0.6373425925925926 0.11549479166666667 0.19899999999999998
31 0.24313541666666666 0.8375925925925927 0.10938541666666667 0.1817962962962963
24 0.19316666666666665 0.4594537037037037 0.09281249999999999 0.22365740740740742