25 0.19571875 0.3713148148148148 0.11041666666666666 0.1879074074074074
11 0.332953125 0.24887037037037035 0.11608333333333333 0.20691666666666667
32 0.4754583333333333 0.2296111111111111 0.10069270833333334 0.1938888888888889
31 0.5970885416666667 0.19415740740740742 0.10725520833333334 0.1738148148148148
4 0.7200572916666667 0.21676851851851853 0.11447916666666667 0.2069074074074074
10 0.790765625 0.40123148148148147 0.128015625 0.1683888888888889
27 0.6402708333333333 0.39655555555555555 0.11638541666666667 0.20451851851851852
26 0.5104166666666666 0.46324074074074073 0.091875 0.2202037037037037
18 0.39784375 0.45794444444444443 0.11384895833333333 0.20002777777777778
0 0.21456770833333336 0.5851574074074074 0.110828125 0.19131481481481483
3 0.21719270833333332 0.8088240740740741 0.12249479166666667 0.18131481481481482
5 0.3329947916666667 0.6830462962962963 0.101859375 0.2166851851851852
20 0.45136458333333335 0.7011111111111111 0.12191666666666667 0.168
30 0.42934375 0.8835740740740741 0.12780729166666666 0.15803703703703703
13 0.6228333333333332 0.6441296296296296 0.11443229166666667 0.18401851851851853
28 0.5701302083333334 0.8598611111111111 0.10622395833333333 0.1553240740740741
19 0.7711302083333333 0.6216111111111111 0.12882291666666668 0.1580185185185185
12 0.7556458333333332 0.8285277777777778 0.11880208333333334 0.20963888888888887