5 0.23589583333333333 0.21241666666666667 0.121109375 0.18498148148148147
23 0.2646927083333333 0.41471296296296295 0.11329166666666667 0.19583333333333333
30 0.2126822916666667 0.6226481481481482 0.11922395833333334 0.20841666666666667
6 0.32192708333333336 0.8406851851851852 0.11415625 0.1739166666666667
32 0.33736458333333336 0.64525 0.11061458333333334 0.20010185185185186
14 0.38352604166666665 0.4609722222222222 0.11347916666666666 0.19769444444444442
16 0.36440104166666665 0.22471296296296295 0.11513541666666667 0.20487962962962963
9 0.4996041666666667 0.23525 0.12049479166666667 0.17987962962962964
8 0.6376822916666666 0.25699074074074074 0.117328125 0.19887962962962963
19 0.7663281249999999 0.2827037037037037 0.11054166666666668 0.21255555555555555
11 0.7880729166666666 0.504074074074074 0.09973958333333334 0.19283333333333333
22 0.7745052083333334 0.7653703703703704 0.08638020833333333 0.23212037037037037
12 0.6629427083333332 0.7733055555555555 0.10365625 0.22146296296296297
13 0.5678489583333334 0.6536759259259259 0.11104166666666666 0.2049537037037037
18 0.6334375 0.4901018518518518 0.11604166666666667 0.19800925925925925
28 0.5062239583333333 0.4398333333333333 0.11128645833333332 0.16404629629629627
0 0.4560052083333333 0.6248703703703704 0.11127604166666667 0.19421296296296298
34 0.45603645833333334 0.8294537037037036 0.128296875 0.1679537037037037