5 0.2353697916666667 0.21278703703703705 0.12107291666666667 0.18497222222222223
23 0.2683125 0.4192222222222222 0.10516666666666666 0.1672962962962963
30 0.211984375 0.6231574074074074 0.11895312499999999 0.20776851851851852
32 0.33709895833333337 0.6463055555555556 0.11071354166666666 0.19919444444444445
6 0.3215260416666667 0.8416666666666667 0.11447916666666667 0.17365740740740743
14 0.38325000000000004 0.46208333333333335 0.11283854166666667 0.19816666666666669
16 0.36446354166666667 0.22589814814814815 0.11567187500000001 0.20675
9 0.49943229166666664 0.2358148148148148 0.12040104166666667 0.18024074074074073
26 0.506109375 0.43507407407407406 0.11359895833333335 0.20297222222222222
0 0.455796875 0.6255092592592593 0.111046875 0.1936388888888889
34 0.4559375 0.8307777777777778 0.12811458333333334 0.16800925925925925
13 0.5677968750000001 0.6545462962962962 0.110546875 0.20373148148148149
12 0.6627552083333333 0.7746388888888889 0.10346354166666667 0.22075925925925924
22 0.77471875 0.7658796296296296 0.08657291666666667 0.23302777777777778
11 0.7877916666666667 0.5044444444444444 0.099640625 0.1936111111111111
27 0.7732500000000001 0.27482407407407405 0.11872395833333332 0.21020370370370373
8 0.6372708333333333 0.25700925925925927 0.11756770833333333 0.19798148148148148
18 0.6328229166666667 0.49000000000000005 0.11608333333333333 0.19772222222222222