28 0.588921875 0.46159259259259255 0.10977604166666667 0.15880555555555556
27 0.7159166666666666 0.43969444444444444 0.10690104166666667 0.1981388888888889
26 0.6965052083333333 0.2270740740740741 0.12677604166666667 0.17008333333333334
25 0.45901041666666664 0.3423611111111111 0.09505208333333333 0.18749074074074074
24 0.35934895833333336 0.3295740740740741 0.08999479166666666 0.2232685185185185
23 0.22815104166666667 0.6537222222222222 0.10768749999999999 0.17444444444444446
21 0.34340625 0.6114166666666667 0.11001562499999999 0.16075
20 0.5018802083333334 0.7549166666666666 0.111953125 0.20377777777777778
13 0.49013541666666666 0.5499722222222222 0.11595833333333333 0.20557407407407408
14 0.6230572916666667 0.6643796296296296 0.11740104166666666 0.20922222222222223
5 0.7425833333333334 0.8460925925925926 0.12513020833333333 0.18430555555555556
19 0.8131354166666667 0.26875 0.10156770833333333 0.21767592592592594
18 0.7552187499999999 0.6245833333333333 0.09619270833333333 0.22271296296296297
16 0.24008333333333332 0.20410185185185187 0.12346875 0.1705462962962963
15 0.5695885416666666 0.25375925925925924 0.1259375 0.15789814814814815
9 0.6210833333333333 0.8966296296296297 0.11647395833333334 0.20674074074074075
8 0.23041666666666666 0.40718518518518515 0.12811458333333334 0.16242592592592592