0 0.3732239583333333 0.1311388888888889 0.10791666666666666 0.16339814814814815
32 0.47558854166666664 0.22894444444444442 0.10036458333333333 0.19331481481481483
31 0.5967760416666666 0.1932037037037037 0.10760416666666667 0.17362037037037037
4 0.7195052083333333 0.2167037037037037 0.11418229166666666 0.20492592592592593
10 0.7901927083333333 0.4017037037037037 0.12861979166666665 0.16919444444444443
27 0.639578125 0.39493518518518517 0.11663541666666667 0.2052314814814815
26 0.5105677083333333 0.46344444444444444 0.092921875 0.22091666666666668
18 0.39805729166666665 0.4569722222222222 0.11343750000000001 0.20086111111111113
29 0.3061875 0.33514814814814814 0.114484375 0.19960185185185184
25 0.20307812500000003 0.41294444444444445 0.10760937500000001 0.17303703703703704
30 0.21965625 0.5970277777777777 0.12703645833333332 0.16475
3 0.2175 0.810138888888889 0.12313020833333334 0.18169444444444444
5 0.33200520833333336 0.7074166666666667 0.09578645833333334 0.2205462962962963
20 0.45098958333333333 0.7004166666666667 0.121921875 0.16733333333333333
13 0.623203125 0.6429722222222222 0.11426041666666667 0.18413888888888888
19 0.7709895833333333 0.6215462962962963 0.12875 0.15786111111111112
12 0.7559791666666666 0.828462962962963 0.11929687500000001 0.20960185185185184
28 0.569875 0.8597870370370371 0.10715625000000001 0.15787037037037038