17 0.21519270833333334 0.6260925925925925 0.11285416666666667 0.21598148148148147
9 0.330875 0.5677222222222222 0.11448958333333333 0.21074074074074073
4 0.35756770833333335 0.7784722222222222 0.1290625 0.1637314814814815
16 0.481859375 0.6081481481481481 0.120703125 0.17123148148148148
25 0.48338020833333334 0.8161851851851852 0.11306770833333334 0.20444444444444446
0 0.60003125 0.8501296296296296 0.094984375 0.19825925925925927
30 0.617609375 0.6220277777777777 0.11511979166666667 0.20577777777777778
22 0.72328125 0.8080092592592593 0.11718229166666667 0.19950925925925925
29 0.7549218750000001 0.5878518518518518 0.11888020833333333 0.20880555555555555
28 0.6863125 0.43989814814814815 0.11025520833333333 0.19352777777777777
10 0.5742239583333333 0.39825 0.106125 0.20962037037037035
15 0.42840625 0.42787962962962967 0.12421354166666668 0.17010185185185187
20 0.7485104166666667 0.23409259259259257 0.101921875 0.2171111111111111
2 0.6415000000000001 0.18498148148148147 0.09615625 0.22483333333333333
23 0.5143541666666667 0.22228703703703703 0.11469791666666666 0.20287037037037037
7 0.38288541666666664 0.23325925925925925 0.11843229166666666 0.19189814814814815
6 0.2801197916666667 0.3780833333333333 0.11290104166666667 0.1874351851851852
21 0.23661979166666666 0.19925 0.116078125 0.19630555555555554