23 0.22573958333333335 0.18394444444444444 0.09245833333333334 0.18039814814814817
21 0.34843229166666667 0.19682407407407407 0.10627083333333333 0.15146296296296297
7 0.472203125 0.21500925925925926 0.09407291666666667 0.21472222222222223
14 0.603296875 0.17263888888888887 0.09726041666666667 0.2152777777777778
15 0.7389479166666667 0.20271296296296296 0.12322916666666667 0.17807407407407408
22 0.7700208333333334 0.4308148148148148 0.08645833333333333 0.22577777777777777
32 0.6569635416666666 0.42004629629629625 0.10330729166666666 0.20219444444444445
0 0.5288125 0.43244444444444446 0.10619791666666667 0.15021296296296296
9 0.34497916666666667 0.48566666666666664 0.12315625000000001 0.17260185185185184
33 0.20896354166666667 0.4216388888888889 0.114953125 0.20555555555555555
24 0.28099999999999997 0.6626018518518518 0.126109375 0.17784259259259258
11 0.37947395833333336 0.8108055555555556 0.11263020833333333 0.19845370370370372
16 0.4610989583333333 0.6418703703703704 0.09736458333333334 0.21687962962962962
6 0.5511145833333334 0.8210555555555555 0.11361979166666666 0.18243518518518517
8 0.59471875 0.61575 0.09025 0.22493518518518518
17 0.7212291666666667 0.7858425925925926 0.12841666666666668 0.17849074074074076