3 0.23184895833333333 0.3113611111111111 0.09844791666666668 0.21385185185185185
24 0.39398958333333334 0.17075925925925925 0.12636458333333334 0.14944444444444446
13 0.521375 0.20127777777777778 0.09260937500000001 0.19375925925925924
14 0.6597239583333334 0.22503703703703704 0.118796875 0.1845462962962963
30 0.7482447916666667 0.3980092592592593 0.12611458333333334 0.16998148148148148
26 0.6169791666666666 0.4077962962962963 0.12136458333333335 0.18437962962962962
8 0.4971302083333333 0.41525 0.115984375 0.19600925925925924
5 0.3641875 0.3669351851851852 0.11864583333333334 0.18455555555555556
32 0.20386979166666666 0.5342129629629631 0.11613020833333333 0.19496296296296298
34 0.3461458333333333 0.5940555555555556 0.122625 0.18428703703703703
1 0.484640625 0.6202962962962962 0.12242708333333334 0.17057407407407407
29 0.6487916666666667 0.6269444444444444 0.10721354166666666 0.198
19 0.7641510416666667 0.6270740740740741 0.0908125 0.22705555555555557
33 0.7272916666666667 0.8323796296296296 0.12135416666666667 0.19144444444444444
12 0.5823072916666666 0.8248333333333334 0.11680729166666667 0.20894444444444443
18 0.46139583333333334 0.8364722222222222 0.10308854166666667 0.2201574074074074
27 0.33259895833333336 0.8066388888888889 0.11463020833333333 0.20274074074074075
11 0.21762499999999999 0.7532777777777777 0.10823437500000001 0.20119444444444443