11 0.2406875 0.8330925925925926 0.09579166666666666 0.18527777777777776
0 0.3920885416666666 0.8806851851851851 0.10886458333333333 0.15688888888888888
22 0.34855729166666666 0.6849999999999999 0.12914583333333335 0.16378703703703704
29 0.23116145833333332 0.6053518518518518 0.0968125 0.1865
16 0.26915625 0.3853425925925926 0.114984375 0.20196296296296296
33 0.39305729166666664 0.4713148148148148 0.09423958333333333 0.21705555555555556
34 0.365171875 0.18378703703703705 0.09792708333333335 0.2220740740740741
12 0.48728645833333334 0.26433333333333336 0.09815625 0.21833333333333335
5 0.61034375 0.27349074074074076 0.10246354166666666 0.2178240740740741
7 0.7515260416666667 0.23370370370370372 0.12528645833333335 0.17270370370370372
28 0.7570364583333333 0.4219351851851852 0.117609375 0.18517592592592594
32 0.512328125 0.5235 0.11084374999999999 0.2076851851851852
13 0.6385677083333333 0.5223888888888888 0.11747916666666666 0.20546296296296296
19 0.7478125 0.6179722222222221 0.13071354166666665 0.15977777777777777
31 0.46958333333333335 0.7178333333333333 0.10551041666666668 0.19907407407407407
20 0.5914791666666667 0.7077314814814815 0.09946354166666667 0.21926851851851853
27 0.69934375 0.8242407407407407 0.11278645833333334 0.20595370370370372