32 0.2630208333333333 0.7638055555555555 0.11029166666666666 0.1671111111111111
5 0.29672395833333337 0.5232685185185185 0.098453125 0.21660185185185185
33 0.40981770833333336 0.7442962962962963 0.11705208333333333 0.2063888888888889
20 0.5650104166666666 0.7999259259259259 0.108140625 0.21475
11 0.549453125 0.5731481481481482 0.10859375 0.17577777777777778
22 0.41063541666666664 0.5164537037037037 0.094109375 0.22088888888888888
4 0.6964947916666666 0.7896388888888889 0.13043229166666667 0.16814814814814813
3 0.7995885416666667 0.6563888888888889 0.09807291666666668 0.22189814814814815
31 0.6753750000000001 0.587537037037037 0.09841145833333333 0.19062962962962962
12 0.799046875 0.44596296296296295 0.12433333333333334 0.17781481481481481
30 0.6395156249999999 0.39189814814814816 0.12680729166666665 0.16835185185185184
19 0.4770520833333334 0.331712962962963 0.12592187500000002 0.1603425925925926
13 0.7521458333333333 0.22921296296296298 0.09154166666666666 0.19466666666666668
10 0.6160052083333334 0.21924074074074074 0.126890625 0.16855555555555554