11 0.22644791666666667 0.8153333333333332 0.09851041666666666 0.19492592592592595
0 0.37566666666666665 0.8439537037037037 0.11568229166666667 0.1877037037037037
12 0.28515625 0.620212962962963 0.11777083333333334 0.20935185185185184
34 0.4108385416666666 0.6456018518518518 0.10736458333333333 0.21128703703703702
32 0.35601041666666666 0.42625 0.10834375 0.15313888888888888
5 0.34595312500000003 0.24273148148148146 0.12021875 0.18587037037037038
13 0.48046354166666666 0.21566666666666665 0.10879687499999999 0.1643425925925926
22 0.5016302083333334 0.4107037037037037 0.12629166666666666 0.15494444444444444
4 0.6324270833333333 0.3504074074074074 0.11609375000000001 0.20722222222222222
1 0.5208125 0.6243796296296297 0.11702083333333334 0.20956481481481481
33 0.6450885416666666 0.5904444444444444 0.09680729166666667 0.21886111111111112
30 0.5081145833333334 0.8299166666666666 0.12704166666666666 0.17186111111111113
31 0.63603125 0.8248055555555556 0.09626041666666667 0.19305555555555556
27 0.7459270833333334 0.8287129629629629 0.10713541666666666 0.20110185185185184
20 0.7594166666666666 0.6068703703703703 0.09388541666666667 0.22262962962962962
28 0.750390625 0.4028981481481481 0.11029166666666666 0.1620277777777778
29 0.7398906249999999 0.21080555555555555 0.09780729166666666 0.19114814814814815