14 0.33045833333333335 0.1464351851851852 0.11999479166666666 0.1668888888888889
28 0.5038333333333334 0.1991203703703704 0.10884895833333334 0.1595925925925926
12 0.6432968750000001 0.17785185185185187 0.09360416666666667 0.21771296296296297
4 0.7460625000000001 0.3024351851851852 0.12165104166666667 0.1889074074074074
32 0.7138281249999999 0.5157407407407407 0.11720833333333333 0.1960648148148148
2 0.586765625 0.4507685185185185 0.11588541666666667 0.20505555555555557
8 0.26286979166666663 0.3331296296296296 0.11711458333333334 0.20557407407407408
16 0.402984375 0.30194444444444446 0.11094270833333333 0.20419444444444446
13 0.4827708333333333 0.49724999999999997 0.088546875 0.19087037037037036
1 0.35952604166666663 0.5009444444444444 0.10104166666666667 0.20935185185185184
0 0.20764583333333334 0.585037037037037 0.08512499999999999 0.19028703703703703
17 0.19244791666666666 0.8125 0.08911458333333333 0.23095370370370372
5 0.2982760416666667 0.6854907407407408 0.12396354166666666 0.16596296296296298
22 0.3158958333333333 0.8777685185185186 0.12838020833333333 0.15828703703703703
11 0.4734166666666667 0.6911759259259259 0.113421875 0.20375000000000001
21 0.445765625 0.883888888888889 0.10947395833333333 0.1647037037037037
20 0.5909947916666667 0.6828796296296297 0.09396874999999999 0.21939814814814815
29 0.5994947916666666 0.889824074074074 0.09620833333333333 0.19094444444444444
30 0.7292552083333333 0.7227870370370371 0.12954166666666667 0.15274074074074076