33 0.200828125 0.7530648148148148 0.11688541666666666 0.20684259259259258
19 0.30886458333333333 0.7477592592592593 0.09706770833333334 0.22517592592592592
22 0.4117239583333333 0.7175370370370371 0.091375 0.2264722222222222
30 0.5190104166666667 0.7825277777777778 0.11605729166666667 0.20879629629629629
31 0.691765625 0.8140648148148149 0.11659375000000001 0.204
15 0.79215625 0.756287037037037 0.09161458333333333 0.23041666666666666
6 0.7652552083333333 0.4572407407407407 0.11302083333333333 0.16616666666666668
8 0.7471510416666667 0.22286111111111112 0.12841145833333334 0.16995370370370372
0 0.20230729166666667 0.4608888888888889 0.08732291666666667 0.19249074074074074
12 0.315171875 0.5168888888888888 0.11733854166666666 0.19423148148148148
29 0.46546875000000004 0.5246018518518519 0.10634375 0.1962962962962963
18 0.5972760416666667 0.6340833333333333 0.11695833333333333 0.2061759259259259
32 0.6438020833333333 0.46469444444444447 0.11045833333333334 0.20359259259259258
17 0.23307291666666666 0.21811111111111112 0.11548958333333334 0.20132407407407407
10 0.3639114583333333 0.2578333333333333 0.099140625 0.2208148148148148
11 0.47295833333333337 0.3114166666666667 0.09832291666666666 0.1926574074074074
9 0.5921875 0.25799074074074074 0.11527083333333334 0.20747222222222222