0 0.36090625000000004 0.16326851851851854 0.09303645833333334 0.19400925925925927
20 0.49307812500000003 0.18199074074074076 0.122015625 0.15980555555555556
13 0.675015625 0.2442407407407407 0.111296875 0.1655
31 0.778140625 0.38896296296296295 0.11788541666666667 0.20850925925925926
27 0.6462239583333333 0.46685185185185185 0.10982291666666667 0.19737037037037036
5 0.5402864583333333 0.3839722222222222 0.10091666666666667 0.21085185185185185
26 0.4291145833333333 0.36960185185185185 0.09143229166666668 0.22163888888888889
25 0.31699479166666666 0.37347222222222226 0.10034375 0.19332407407407406
22 0.19160416666666666 0.3833611111111111 0.116109375 0.20587962962962963
29 0.193390625 0.6033611111111111 0.09705729166666667 0.18993518518518518
9 0.31956770833333337 0.6003888888888889 0.11522395833333333 0.19674074074074074
12 0.466390625 0.5848055555555556 0.11119270833333333 0.19857407407407407
30 0.5955156250000001 0.6785833333333333 0.114 0.20175925925925928
2 0.7197447916666667 0.6477962962962963 0.09486458333333332 0.2278240740740741
32 0.7844635416666667 0.8396851851851852 0.11611458333333333 0.18775925925925926
28 0.64890625 0.8805462962962963 0.11169791666666667 0.17319444444444446
3 0.49725520833333337 0.8371851851851851 0.10940625 0.21189814814814814
1 0.35484374999999996 0.8155555555555555 0.11023437500000001 0.20824074074074075
4 0.21719791666666666 0.8123148148148148 0.12840625 0.16988888888888887