23 0.23540625 0.20987037037037037 0.10390625 0.16483333333333333
16 0.21373958333333334 0.41099074074074077 0.09495833333333333 0.2209074074074074
12 0.21544791666666668 0.6425925925925926 0.12527604166666667 0.17562037037037037
9 0.35902083333333334 0.8398796296296297 0.12588020833333333 0.17423148148148146
13 0.37163541666666666 0.6479907407407408 0.115859375 0.19203703703703703
31 0.347203125 0.46252777777777776 0.10279166666666667 0.16399074074074074
29 0.38739583333333333 0.28085185185185185 0.09286458333333333 0.18362962962962961
33 0.49314583333333334 0.2617962962962963 0.09134375 0.21761111111111112
2 0.47644791666666664 0.49140740740740746 0.12666145833333334 0.16394444444444445
5 0.49355208333333334 0.7013611111111111 0.09355729166666667 0.2212962962962963
17 0.5800520833333334 0.8590092592592593 0.12958854166666667 0.17224074074074075
19 0.6213125 0.6725925925925925 0.12827604166666667 0.16261111111111112
26 0.587890625 0.46275925925925926 0.095 0.22371296296296297
30 0.6174635416666666 0.2516203703703704 0.12707291666666667 0.15552777777777776
18 0.723953125 0.43746296296296294 0.10088541666666666 0.21825
32 0.7559635416666667 0.661787037037037 0.08840625 0.19328703703703703
20 0.7505104166666666 0.8466388888888889 0.12748958333333332 0.16482407407407407