1 0.18495833333333334 0.8041759259259259 0.10562500000000001 0.21525925925925926
25 0.307046875 0.8221296296296297 0.11782291666666667 0.20755555555555555
2 0.45128125 0.7747222222222223 0.09829166666666667 0.22644444444444445
21 0.5944166666666667 0.8431759259259259 0.10841666666666666 0.15786111111111112
19 0.7685 0.7871851851851852 0.10110416666666668 0.22753703703703704
7 0.662546875 0.626 0.120328125 0.19000925925925927
10 0.7844531250000001 0.4641574074074074 0.09761979166666666 0.2260277777777778
4 0.7256302083333334 0.2496111111111111 0.12897916666666667 0.16875
3 0.63740625 0.42154629629629625 0.11532291666666666 0.20170370370370372
17 0.5195260416666667 0.5589166666666666 0.11702604166666666 0.20897222222222223
24 0.45631770833333335 0.3743425925925926 0.10177083333333334 0.21539814814814814
20 0.5444739583333333 0.21060185185185185 0.11507291666666666 0.20814814814814817
28 0.37461979166666665 0.19364814814814812 0.109828125 0.15962037037037036
15 0.3943229166666667 0.5724166666666667 0.09017708333333332 0.22537962962962962
33 0.3369375 0.39708333333333334 0.11733333333333333 0.19205555555555553
31 0.19977604166666665 0.4144259259259259 0.1178125 0.2061759259259259
29 0.24443229166666666 0.5952592592592593 0.117796875 0.2080925925925926