6 0.26753645833333334 0.33735185185185185 0.11182291666666666 0.1672962962962963
33 0.38153125 0.257962962962963 0.116640625 0.20691666666666667
30 0.4029635416666667 0.45449074074074075 0.12699479166666666 0.15075925925925926
29 0.5138489583333333 0.37274999999999997 0.11190625000000001 0.19680555555555557
11 0.6128697916666667 0.28637962962962965 0.11658854166666667 0.20837962962962964
20 0.730890625 0.3513148148148148 0.11818229166666666 0.20709259259259258
13 0.6436145833333333 0.5734351851851851 0.09706770833333334 0.1992037037037037
0 0.7264583333333333 0.7704351851851853 0.10034375 0.20897222222222223
5 0.5402968749999999 0.6890740740740741 0.12389583333333333 0.1655
31 0.39133854166666665 0.6559074074074074 0.09367708333333334 0.18369444444444444
22 0.25456249999999997 0.6313611111111112 0.096328125 0.2259074074074074