4 0.66953125 0.8418703703703704 0.12927083333333333 0.1723888888888889
30 0.5301197916666667 0.8448981481481481 0.12627083333333333 0.17397222222222222
5 0.38796875 0.8140648148148149 0.11378645833333333 0.20325
19 0.6879635416666667 0.6542314814814816 0.117953125 0.20956481481481481
15 0.5433489583333333 0.6242777777777778 0.09268229166666667 0.22453703703703703
10 0.437125 0.6115185185185186 0.10359895833333334 0.21577777777777776
17 0.31490104166666666 0.6232962962962962 0.11744791666666667 0.2083888888888889
14 0.21017187499999998 0.4762777777777778 0.116734375 0.20444444444444446
23 0.32235937499999995 0.3970925925925926 0.11141145833333334 0.19094444444444444
18 0.4847239583333333 0.3907407407407407 0.11898958333333334 0.18216666666666667
16 0.63421875 0.4424814814814815 0.10480729166666666 0.21174074074074076
32 0.7535572916666666 0.4252777777777778 0.09272916666666667 0.1940925925925926
31 0.7484322916666667 0.2056388888888889 0.10376041666666666 0.16571296296296295
7 0.6301875 0.22691666666666666 0.11226562500000001 0.20249999999999999
24 0.4850364583333333 0.20003703703703704 0.12566666666666668 0.15110185185185185
6 0.35708333333333336 0.19686111111111113 0.10915625000000001 0.16360185185185186
21 0.21258854166666669 0.23410185185185187 0.10596875 0.14919444444444444